5.72372e-05 4.66916e+05  3.73449e+05 3.73449e+05 2.09839e+04
1.14474e-04 8.15813e+05  8.15638e+05 1.23467e+06 2.93653e+04
1.71577e-04 1.09752e+06  1.36726e+06 2.15812e+06 4.51583e+04
2.28539e-04 1.07517e+06  2.29226e+06 3.01927e+06 5.92673e+04
2.85513e-04 9.50493e+05  3.44007e+06 3.99060e+06 6.39003e+04
3.42514e-04 8.15223e+05  4.85772e+06 5.27431e+06 7.20991e+04
3.99450e-04 7.16823e+05  6.59698e+06 6.91992e+06 8.00724e+04
4.56400e-04 7.15369e+05  8.54404e+06 8.86485e+06 8.12134e+04
5.13394e-04 7.28262e+05  1.07081e+07 1.10441e+07 9.04592e+04
5.70374e-04 6.94182e+05  1.31482e+07 1.34451e+07 1.06411e+05
6.27367e-04 6.76988e+05  1.57986e+07 1.61073e+07 1.18846e+05
6.84367e-04 6.55317e+05  1.87936e+07 1.90782e+07 1.34701e+05
7.41317e-04 6.71778e+05  2.21029e+07 2.23652e+07 1.46209e+05
7.98238e-04 8.15382e+05  2.54838e+07 2.59227e+07 1.48431e+05
8.55148e-04 9.14805e+05  2.91321e+07 2.96843e+07 1.52578e+05
9.11915e-04 8.83363e+05  3.31119e+07 3.36137e+07 1.55069e+05
9.68673e-04 8.32285e+05  3.73084e+07 3.77535e+07 1.56456e+05
1.02548e-03 7.97238e+05  4.17407e+07 4.21581e+07 1.60052e+05
1.08226e-03 7.36558e+05  4.64774e+07 4.68306e+07 1.66430e+05
1.13905e-03 6.99817e+05  5.13983e+07 5.17345e+07 1.75272e+05
1.19581e-03 6.73661e+05  5.65057e+07 5.68334e+07 1.88037e+05
1.25258e-03 5.93182e+05  6.19698e+07 6.21652e+07 1.98255e+05
1.30933e-03 5.68676e+05  6.76780e+07 6.78179e+07 2.03515e+05
1.36608e-03 6.76030e+05  7.35829e+07 7.38487e+07 2.09266e+05
1.42281e-03 8.49720e+05  7.97334e+07 8.02003e+07 2.12923e+05
1.47944e-03 9.79802e+05  8.60857e+07 8.67230e+07 2.14796e+05
1.53609e-03 9.50432e+05  9.27015e+07 9.33270e+07 2.18147e+05
1.59268e-03 7.80135e+05  9.96035e+07 1.00034e+08 2.20382e+05
1.64927e-03 6.24768e+05  1.06719e+08 1.06968e+08 2.23838e+05
1.70586e-03 5.78660e+05  1.14052e+08 1.14235e+08 2.31733e+05
1.76245e-03 6.37492e+05  1.21614e+08 1.21846e+08 2.39985e+05
1.81904e-03 7.33158e+05  1.29407e+08 1.29748e+08 2.46763e+05
1.87561e-03 7.60424e+05  1.37497e+08 1.37869e+08 2.55414e+05
1.93216e-03 7.20999e+05  1.45838e+08 1.46169e+08 2.63359e+05
1.98870e-03 7.05384e+05  1.54319e+08 1.54663e+08 2.67282e+05
2.04523e-03 7.18516e+05  1.63035e+08 1.63404e+08 2.70087e+05
2.10170e-03 7.43371e+05  1.72053e+08 1.72424e+08 2.72320e+05
2.15815e-03 8.04261e+05  1.81288e+08 1.81714e+08 2.73640e+05
2.21461e-03 8.55763e+05  1.90716e+08 1.91203e+08 2.75463e+05
2.27097e-03 8.12106e+05  2.00389e+08 2.00817e+08 2.78527e+05
2.32735e-03 7.02005e+05  2.10298e+08 2.10597e+08 2.82827e+05
2.38372e-03 6.16477e+05  2.20398e+08 2.20622e+08 2.90353e+05
2.44011e-03 5.83524e+05  2.30766e+08 2.30974e+08 3.00790e+05
2.49649e-03 6.13314e+05  2.41411e+08 2.41645e+08 3.09742e+05
2.55283e-03 7.09493e+05  2.52237e+08 2.52565e+08 3.15589e+05
2.60916e-03 8.11322e+05  2.63228e+08 2.63672e+08 3.18992e+05
2.66550e-03 8.41525e+05  2.74480e+08 2.74952e+08 3.20098e+05
2.72175e-03 7.98284e+05  2.86011e+08 2.86412e+08 3.20546e+05
2.77798e-03 7.50661e+05  2.97746e+08 2.98092e+08 3.21824e+05
2.83420e-03 7.34686e+05  3.09636e+08 3.10000e+08 3.23424e+05
2.89045e-03 7.08176e+05  3.21776e+08 3.22130e+08 3.26424e+05
2.94666e-03 6.55800e+05  3.34192e+08 3.34468e+08 3.33076e+05
3.00283e-03 6.35280e+05  3.46786e+08 3.47032e+08 3.42672e+05
3.05899e-03 6.56378e+05  3.59575e+08 3.59857e+08 3.52446e+05
3.11519e-03 6.79964e+05  3.72662e+08 3.72955e+08 3.59210e+05
3.17135e-03 7.24914e+05  3.85960e+08 3.86282e+08 3.61964e+05
3.22744e-03 7.98728e+05  3.99375e+08 3.99798e+08 3.62986e+05
3.28355e-03 8.22536e+05  4.13021e+08 4.13491e+08 3.63710e+05
3.33962e-03 7.58566e+05  4.26983e+08 4.27361e+08 3.64130e+05
3.39565e-03 6.89697e+05  4.41153e+08 4.41435e+08 3.65223e+05
3.45167e-03 6.85775e+05  4.55443e+08 4.55741e+08 3.68314e+05
3.50770e-03 7.01141e+05  4.69945e+08 4.70283e+08 3.74343e+05
3.56375e-03 6.73793e+05  4.84751e+08 4.85052e+08 3.83162e+05
3.61975e-03 6.35106e+05  4.99778e+08 5.00026e+08 3.92170e+05
3.67572e-03 6.45786e+05  5.14958e+08 5.15224e+08 3.98546e+05
3.73169e-03 7.01263e+05  5.30350e+08 5.30676e+08 4.02136e+05
3.78767e-03 7.67665e+05  5.45994e+08 5.46373e+08 4.04025e+05
3.84360e-03 8.25257e+05  5.61820e+08 5.62256e+08 4.05015e+05
3.89949e-03 8.32520e+05  5.77828e+08 5.78285e+08 4.05866e+05
3.95535e-03 7.49875e+05  5.94082e+08 5.94453e+08 4.07213e+05
4.01121e-03 6.27329e+05  6.10568e+08 6.10801e+08 4.09612e+05
4.06706e-03 5.64657e+05  6.27211e+08 6.27388e+08 4.14343e+05
4.12288e-03 5.86827e+05  6.44041e+08 6.44256e+08 4.22152e+05
4.17871e-03 6.55027e+05  6.61144e+08 6.61418e+08 4.30737e+05
4.23455e-03 7.46197e+05  6.78474e+08 6.78828e+08 4.36834e+05
4.29035e-03 8.29491e+05  6.95954e+08 6.96402e+08 4.40141e+05
4.34612e-03 8.42673e+05  7.13632e+08 7.14101e+08 4.42053e+05
4.40189e-03 7.68113e+05  7.31554e+08 7.31937e+08 4.43075e+05
4.45764e-03 6.68893e+05  7.49667e+08 7.49947e+08 4.43685e+05
4.51337e-03 6.10119e+05  7.67958e+08 7.68193e+08 4.44954e+05
4.56906e-03 6.05064e+05  7.86469e+08 7.86700e+08 4.47577e+05
4.62476e-03 6.45477e+05  8.05206e+08 8.05466e+08 4.51916e+05
4.68046e-03 7.11911e+05  8.24121e+08 8.24445e+08 4.57825e+05
4.73612e-03 7.54697e+05  8.43219e+08 8.43591e+08 4.63836e+05
4.79176e-03 7.38310e+05  8.62552e+08 8.62900e+08 4.68305e+05
4.84740e-03 6.96637e+05  8.82099e+08 8.82401e+08 4.71173e+05
4.90303e-03 6.83129e+05  9.01801e+08 9.02112e+08 4.73215e+05
4.95863e-03 6.94834e+05  9.21695e+08 9.22038e+08 4.74741e+05
5.01421e-03 7.04290e+05  9.41835e+08 9.42176e+08 4.76062e+05
5.06977e-03 7.17845e+05  9.62168e+08 9.62506e+08 4.77845e+05
5.12532e-03 7.37514e+05  9.82650e+08 9.83009e+08 4.80592e+05
5.18085e-03 7.25005e+05  1.00334e+09 1.00368e+09 4.84248e+05
5.23636e-03 6.68092e+05  1.02427e+09 1.02453e+09 4.88246e+05
5.29187e-03 6.16103e+05  1.04538e+09 1.04559e+09 4.92029e+05
5.34737e-03 6.06329e+05  1.06664e+09 1.06687e+09 4.95350e+05
5.40283e-03 6.30490e+05  1.08813e+09 1.08840e+09 4.98249e+05
5.45828e-03 6.88079e+05  1.10984e+09 1.11016e+09 5.00888e+05
5.51372e-03 7.80593e+05  1.13170e+09 1.13211e+09 5.03247e+05
5.56914e-03 8.49899e+05  1.15373e+09 1.15422e+09 5.05367e+05
5.62456e-03 8.21157e+05  1.17601e+09 1.17646e+09 5.07637e+05
5.67995e-03 7.12348e+05  1.19851e+09 1.19882e+09 5.10119e+05
5.73531e-03 6.13996e+05  1.22113e+09 1.22134e+09 5.12516e+05
5.79066e-03 5.69944e+05  1.24390e+09 1.24408e+09 5.15112e+05
5.84600e-03 5.66043e+05  1.26692e+09 1.26711e+09 5.18418e+05
5.90132e-03 6.08348e+05  1.29018e+09 1.29039e+09 5.22154e+05
5.95661e-03 7.07504e+05  1.31357e+09 1.31390e+09 5.25771e+05
6.01190e-03 8.06366e+05  1.33712e+09 1.33757e+09 5.29271e+05
6.06718e-03 8.24980e+05  1.36090e+09 1.36136e+09 5.32564e+05
6.12242e-03 7.64664e+05  1.38487e+09 1.38525e+09 5.35066e+05
6.17765e-03 6.88566e+05  1.40900e+09 1.40931e+09 5.36804e+05
6.23289e-03 6.32993e+05  1.43332e+09 1.43358e+09 5.38667e+05
6.28807e-03 6.09138e+05  1.45785e+09 1.45807e+09 5.41008e+05
6.34323e-03 6.37724e+05  1.48255e+09 1.48279e+09 5.43514e+05
6.39839e-03 7.06564e+05  1.50740e+09 1.50773e+09 5.46563e+05
6.45355e-03 7.46531e+05  1.53244e+09 1.53282e+09 5.50893e+05
6.50868e-03 7.15764e+05  1.55772e+09 1.55805e+09 5.55951e+05
6.56378e-03 6.58376e+05  1.58317e+09 1.58343e+09 5.60271e+05
6.61887e-03 6.34283e+05  1.60875e+09 1.60900e+09 5.63275e+05
6.67397e-03 6.48018e+05  1.63452e+09 1.63479e+09 5.65393e+05
6.72902e-03 6.80953e+05  1.66050e+09 1.66080e+09 5.66955e+05
6.78405e-03 7.29540e+05  1.68666e+09 1.68701e+09 5.68091e+05
6.83909e-03 7.75990e+05  1.71298e+09 1.71339e+09 5.69368e+05
6.89410e-03 7.78224e+05  1.73949e+09 1.73989e+09 5.71750e+05
6.94907e-03 7.21872e+05  1.76617e+09 1.76651e+09 5.75840e+05
7.00404e-03 6.43172e+05  1.79304e+09 1.79329e+09 5.81256e+05
7.05899e-03 5.86315e+05  1.82007e+09 1.82026e+09 5.86758e+05
7.11394e-03 5.72454e+05  1.84729e+09 1.84746e+09 5.91092e+05
7.16885e-03 6.08874e+05  1.87469e+09 1.87489e+09 5.93762e+05
7.22376e-03 6.86401e+05  1.90225e+09 1.90255e+09 5.95108e+05
7.27867e-03 7.66977e+05  1.93000e+09 1.93039e+09 5.95829e+05
7.33354e-03 8.07244e+05  1.95793e+09 1.95837e+09 5.96636e+05
7.38837e-03 7.92581e+05  1.98601e+09 1.98644e+09 5.98188e+05
7.44321e-03 7.33409e+05  2.01427e+09 2.01464e+09 6.01013e+05
7.49805e-03 6.51540e+05  2.04272e+09 2.04300e+09 6.05362e+05
7.55286e-03 5.85129e+05  2.07135e+09 2.07155e+09 6.10883e+05
7.60763e-03 5.73684e+05  2.10013e+09 2.10030e+09 6.16382e+05
7.66241e-03 6.18974e+05  2.12908e+09 2.12930e+09 6.20476e+05
7.71720e-03 6.84896e+05  2.15824e+09 2.15853e+09 6.22782e+05
7.77193e-03 7.39278e+05  2.18755e+09 2.18790e+09 6.24054e+05
7.82664e-03 7.66845e+05  2.21700e+09 2.21740e+09 6.25128e+05
7.88135e-03 7.52572e+05  2.24663e+09 2.24703e+09 6.26307e+05
7.93606e-03 6.97432e+05  2.27647e+09 2.27680e+09 6.27841e+05
7.99073e-03 6.41340e+05  2.30647e+09 2.30673e+09 6.30306e+05
8.04536e-03 6.25546e+05  2.33659e+09 2.33683e+09 6.34092e+05
8.10000e-03 6.42218e+05  2.36688e+09 2.36714e+09 6.38812e+05
8.15467e-03 6.59381e+05  2.39741e+09 2.39768e+09 6.43519e+05
8.20928e-03 6.75222e+05  2.42810e+09 2.42838e+09 6.47377e+05
8.26386e-03 7.03433e+05  2.45891e+09 2.45923e+09 6.50101e+05
8.31845e-03 7.27067e+05  2.48987e+09 2.49024e+09 6.51913e+05
8.37305e-03 7.17088e+05  2.52105e+09 2.52140e+09 6.53254e+05
8.42761e-03 6.81638e+05  2.55240e+09 2.55270e+09 6.54488e+05
8.48212e-03 6.52969e+05  2.58388e+09 2.58415e+09 6.55885e+05
8.53664e-03 6.41053e+05  2.61552e+09 2.61577e+09 6.57822e+05
8.59117e-03 6.37245e+05  2.64735e+09 2.64759e+09 6.60702e+05
8.64566e-03 6.45087e+05  2.67934e+09 2.67959e+09 6.64521e+05
8.70012e-03 6.72643e+05  2.71148e+09 2.71177e+09 6.68702e+05
8.75458e-03 7.08383e+05  2.74379e+09 2.74413e+09 6.72459e+05
8.80905e-03 7.30710e+05  2.77629e+09 2.77665e+09 6.75327e+05
8.86348e-03 7.30703e+05  2.80893e+09 2.80929e+09 6.77395e+05
8.91789e-03 7.11420e+05  2.84172e+09 2.84206e+09 6.79020e+05
8.97230e-03 6.78599e+05  2.87468e+09 2.87498e+09 6.80487e+05
9.02670e-03 6.41649e+05  2.90781e+09 2.90805e+09 6.82037e+05
9.08107e-03 6.13499e+05  2.94110e+09 2.94130e+09 6.83975e+05
9.13542e-03 6.06880e+05  2.97454e+09 2.97475e+09 6.86517e+05
9.18976e-03 6.32559e+05  3.00816e+09 3.00840e+09 6.89528e+05
9.24409e-03 6.87399e+05  3.04192e+09 3.04222e+09 6.92616e+05
9.29840e-03 7.40496e+05  3.07583e+09 3.07620e+09 6.95526e+05
9.35270e-03 7.54550e+05  3.10992e+09 3.11031e+09 6.98237e+05
9.40700e-03 7.27826e+05  3.14419e+09 3.14455e+09 7.00749e+05
9.46127e-03 6.89910e+05  3.17859e+09 3.17890e+09 7.03022e+05
9.51552e-03 6.56722e+05  3.21313e+09 3.21340e+09 7.05111e+05
9.56977e-03 6.25497e+05  3.24785e+09 3.24808e+09 7.07159e+05
9.62401e-03 6.10322e+05  3.28275e+09 3.28296e+09 7.09208e+05
9.67822e-03 6.33772e+05  3.31778e+09 3.31802e+09 7.11194e+05
9.73242e-03 6.79924e+05  3.35295e+09 3.35325e+09 7.13252e+05
9.78662e-03 7.04953e+05  3.38830e+09 3.38864e+09 7.15710e+05
9.84080e-03 6.98303e+05  3.42383e+09 3.42415e+09 7.18665e+05
9.89493e-03 6.86539e+05  3.45947e+09 3.45978e+09 7.21804e+05
9.94905e-03 6.79674e+05  3.49525e+09 3.49555e+09 7.24761e+05
1.00000e-02 6.66677e+05  3.52908e+09 3.52938e+09 7.27275e+05
