1.07494e-07 3.28255e-05  2.90986e-06 2.90986e-06 5.92666e-08
1.18244e-06 1.31635e-04  1.09422e-04 1.96012e-04 4.89153e-07
2.25738e-06 2.26938e-04  2.45488e-04 4.11963e-04 6.91367e-07
3.33243e-06 2.90189e-04  4.40126e-04 6.63438e-04 9.56119e-07
4.40768e-06 3.41023e-04  6.73830e-04 9.49221e-04 1.22094e-06
5.48302e-06 3.68145e-04  9.56046e-04 1.26660e-03 1.64713e-06
6.55847e-06 4.05692e-04  1.37308e-03 1.70260e-03 1.96647e-06
7.63408e-06 5.17127e-04  1.82596e-03 2.23784e-03 2.49159e-06
8.70967e-06 3.23347e-04  2.39397e-03 2.64361e-03 2.90085e-06
9.78538e-06 1.83267e-04  3.01832e-03 3.15400e-03 3.29080e-06
1.08613e-05 1.18709e-04  3.67428e-03 3.75457e-03 3.93853e-06
1.19372e-05 9.84488e-05  4.42808e-03 4.48611e-03 4.27850e-06
1.30133e-05 2.37496e-04  5.21381e-03 5.39202e-03 4.79946e-06
1.40896e-05 2.29764e-04  6.11373e-03 6.28974e-03 5.23969e-06
1.51659e-05 1.49930e-04  7.08113e-03 7.19328e-03 5.47781e-06
1.62424e-05 2.26268e-04  8.11385e-03 8.28909e-03 6.22334e-06
1.73189e-05 2.45913e-04  9.25958e-03 9.44755e-03 6.50733e-06
1.83955e-05 3.71246e-04  1.03948e-02 1.06852e-02 7.03826e-06
1.94724e-05 4.08057e-04  1.16215e-02 1.19461e-02 7.51059e-06
2.05493e-05 2.85636e-04  1.29238e-02 1.31591e-02 7.82303e-06
2.16263e-05 2.71976e-04  1.43134e-02 1.45385e-02 8.34230e-06
2.27035e-05 3.06312e-04  1.58025e-02 1.60444e-02 8.59048e-06
2.37808e-05 3.11528e-04  1.73112e-02 1.75489e-02 9.18167e-06
2.48583e-05 2.52726e-04  1.89241e-02 1.91120e-02 9.62818e-06
2.59357e-05 1.62400e-04  2.05719e-02 2.06904e-02 9.93883e-06
2.70134e-05 1.10149e-04  2.22850e-02 2.23588e-02 1.06328e-05
2.80911e-05 2.02994e-04  2.41062e-02 2.42558e-02 1.08261e-05
2.91690e-05 2.42733e-04  2.59776e-02 2.61668e-02 1.11583e-05
3.02470e-05 2.09149e-04  2.79561e-02 2.81180e-02 1.15256e-05
3.13252e-05 2.12981e-04  2.99715e-02 3.01355e-02 1.19469e-05
3.24034e-05 2.28863e-04  3.20552e-02 3.22358e-02 1.24968e-05
3.34817e-05 3.42057e-04  3.42239e-02 3.44886e-02 1.27467e-05
3.45601e-05 5.11664e-04  3.64104e-02 3.68138e-02 1.36009e-05
3.56387e-05 3.82683e-04  3.87264e-02 3.90250e-02 1.40829e-05
3.67173e-05 2.85551e-04  4.11160e-02 4.13409e-02 1.44427e-05
3.77961e-05 1.88559e-04  4.35795e-02 4.37197e-02 1.50138e-05
3.88750e-05 1.79932e-04  4.60994e-02 4.62300e-02 1.52725e-05
3.99541e-05 2.38638e-04  4.86505e-02 4.88313e-02 1.58131e-05
4.10332e-05 1.78713e-04  5.13104e-02 5.14434e-02 1.62068e-05
4.21124e-05 1.24833e-04  5.40127e-02 5.41023e-02 1.66709e-05
4.31918e-05 2.04347e-04  5.68229e-02 5.69752e-02 1.74863e-05
4.42713e-05 2.18096e-04  5.97291e-02 5.98869e-02 1.77788e-05
4.53508e-05 3.39778e-04  6.26628e-02 6.29163e-02 1.82860e-05
4.64306e-05 3.41614e-04  6.56733e-02 6.59287e-02 1.88026e-05
4.75105e-05 2.96025e-04  6.87187e-02 6.89565e-02 1.90678e-05
4.85904e-05 3.05351e-04  7.18611e-02 7.21175e-02 1.95000e-05
4.96705e-05 3.59992e-04  7.50953e-02 7.53941e-02 1.95906e-05
5.07507e-05 3.12085e-04  7.83914e-02 7.86432e-02 2.00803e-05
5.18310e-05 2.35319e-04  8.17991e-02 8.19791e-02 2.04477e-05
5.29114e-05 1.37727e-04  8.52192e-02 8.53130e-02 2.07539e-05
5.39920e-05 1.58761e-04  8.86972e-02 8.88120e-02 2.11570e-05
5.50726e-05 2.64068e-04  9.22508e-02 9.24525e-02 2.13303e-05
5.61534e-05 2.66397e-04  9.58953e-02 9.61022e-02 2.15865e-05
5.72343e-05 1.74510e-04  9.96548e-02 9.97800e-02 2.17164e-05
5.83154e-05 1.80225e-04  1.03443e-01 1.03576e-01 2.20443e-05
5.93965e-05 1.54708e-04  1.07312e-01 1.07429e-01 2.23386e-05
6.04777e-05 2.94674e-04  1.11228e-01 1.11469e-01 2.25921e-05
6.15591e-05 3.92230e-04  1.15193e-01 1.15516e-01 2.29591e-05
6.26406e-05 3.27241e-04  1.19273e-01 1.19541e-01 2.31626e-05
6.37222e-05 3.02401e-04  1.23420e-01 1.23660e-01 2.34409e-05
6.48039e-05 2.79734e-04  1.27660e-01 1.27867e-01 2.37354e-05
6.58858e-05 2.80584e-04  1.31951e-01 1.32156e-01 2.39652e-05
6.69677e-05 3.18601e-04  1.36291e-01 1.36534e-01 2.43896e-05
6.80498e-05 1.80429e-04  1.40714e-01 1.40849e-01 2.46197e-05
6.91319e-05 1.30001e-04  1.45176e-01 1.45272e-01 2.51578e-05
7.02142e-05 1.58391e-04  1.49754e-01 1.49870e-01 2.56240e-05
7.12966e-05 1.64369e-04  1.54414e-01 1.54533e-01 2.57810e-05
7.23791e-05 2.13823e-04  1.59141e-01 1.59299e-01 2.62433e-05
7.34618e-05 2.25704e-04  1.63926e-01 1.64094e-01 2.64775e-05
7.45445e-05 2.47516e-04  1.68737e-01 1.68929e-01 2.68221e-05
7.56274e-05 3.53150e-04  1.73657e-01 1.73932e-01 2.71323e-05
7.67104e-05 4.40197e-04  1.78647e-01 1.78985e-01 2.74220e-05
7.77935e-05 3.88699e-04  1.83717e-01 1.84018e-01 2.79477e-05
7.88767e-05 3.05947e-04  1.88879e-01 1.89123e-01 2.81969e-05
7.99600e-05 1.85201e-04  1.94078e-01 1.94226e-01 2.85906e-05
8.10435e-05 1.63107e-04  1.99350e-01 1.99477e-01 2.89081e-05
8.21271e-05 2.31808e-04  2.04678e-01 2.04854e-01 2.90208e-05
8.32108e-05 1.86597e-04  2.10090e-01 2.10226e-01 2.92724e-05
8.42947e-05 1.20994e-04  2.15589e-01 2.15668e-01 2.94057e-05
8.53786e-05 1.53998e-04  2.21142e-01 2.21251e-01 2.97408e-05
8.64626e-05 1.52571e-04  2.26802e-01 2.26906e-01 2.99771e-05
8.75467e-05 3.02731e-04  2.32504e-01 2.32734e-01 3.02175e-05
8.86311e-05 3.55364e-04  2.38263e-01 2.38540e-01 3.05026e-05
8.97155e-05 3.13879e-04  2.44088e-01 2.44349e-01 3.06893e-05
9.08001e-05 3.31693e-04  2.49985e-01 2.50271e-01 3.09706e-05
9.18847e-05 3.26812e-04  2.56000e-01 2.56271e-01 3.11182e-05
9.29695e-05 3.12706e-04  2.62066e-01 2.62312e-01 3.13652e-05
9.40544e-05 3.15434e-04  2.68202e-01 2.68443e-01 3.16514e-05
9.51393e-05 1.57359e-04  2.74400e-01 2.74508e-01 3.18868e-05
9.62244e-05 1.21053e-04  2.80639e-01 2.80721e-01 3.23353e-05
9.73096e-05 1.47719e-04  2.86970e-01 2.87075e-01 3.25364e-05
9.83948e-05 1.72959e-04  2.93381e-01 2.93508e-01 3.27417e-05
9.94803e-05 1.76830e-04  2.99891e-01 3.00020e-01 3.30814e-05
1.00566e-04 1.84677e-04  3.06461e-01 3.06601e-01 3.32823e-05
1.01652e-04 1.76898e-04  3.13074e-01 3.13216e-01 3.37165e-05
1.02737e-04 3.30218e-04  3.19766e-01 3.20035e-01 3.38927e-05
1.03823e-04 4.45008e-04  3.26501e-01 3.26854e-01 3.42608e-05
1.04909e-04 4.33248e-04  3.33335e-01 3.33674e-01 3.46677e-05
1.05996e-04 3.60146e-04  3.40265e-01 3.40542e-01 3.48118e-05
1.07082e-04 2.45736e-04  3.47265e-01 3.47449e-01 3.51447e-05
1.08168e-04 1.73470e-04  3.54331e-01 3.54453e-01 3.53615e-05
1.09255e-04 2.18174e-04  3.61424e-01 3.61586e-01 3.55343e-05
1.10341e-04 1.33419e-04  3.68598e-01 3.68690e-01 3.57541e-05
1.11428e-04 1.10108e-04  3.75853e-01 3.75925e-01 3.60037e-05
1.12515e-04 1.36162e-04  3.83192e-01 3.83287e-01 3.63794e-05
1.13602e-04 1.60990e-04  3.90631e-01 3.90747e-01 3.65288e-05
1.14689e-04 2.80408e-04  3.98120e-01 3.98329e-01 3.67081e-05
1.15776e-04 3.45505e-04  4.05662e-01 4.05921e-01 3.69846e-05
1.16864e-04 3.29219e-04  4.13246e-01 4.13498e-01 3.70954e-05
1.17951e-04 3.84357e-04  4.20919e-01 4.21223e-01 3.72655e-05
1.19039e-04 3.62496e-04  4.28702e-01 4.28988e-01 3.73613e-05
1.20126e-04 3.25990e-04  4.36545e-01 4.36804e-01 3.76372e-05
1.21214e-04 2.53613e-04  4.44472e-01 4.44670e-01 3.78603e-05
1.22302e-04 1.32448e-04  4.52441e-01 4.52536e-01 3.80725e-05
1.23390e-04 1.17012e-04  4.60460e-01 4.60541e-01 3.83871e-05
1.24478e-04 1.85811e-04  4.68564e-01 4.68700e-01 3.84995e-05
1.25566e-04 1.90259e-04  4.76748e-01 4.76888e-01 3.86817e-05
1.26655e-04 1.87349e-04  4.85033e-01 4.85168e-01 3.88379e-05
1.27743e-04 1.87163e-04  4.93373e-01 4.93507e-01 3.90869e-05
1.28832e-04 1.87357e-04  5.01774e-01 5.01911e-01 3.94084e-05
1.29921e-04 3.06151e-04  5.10242e-01 5.10479e-01 3.95372e-05
1.31010e-04 3.78049e-04  5.18765e-01 5.19068e-01 3.98932e-05
1.32099e-04 3.48617e-04  5.27375e-01 5.27664e-01 4.01355e-05
1.33188e-04 3.23557e-04  5.36060e-01 5.36332e-01 4.03025e-05
1.34277e-04 2.59616e-04  5.44837e-01 5.45050e-01 4.05638e-05
1.35366e-04 2.32337e-04  5.53681e-01 5.53858e-01 4.07218e-05
1.36456e-04 2.58200e-04  5.62569e-01 5.62762e-01 4.09826e-05
1.37545e-04 1.46347e-04  5.71534e-01 5.71634e-01 4.11676e-05
1.38635e-04 1.20224e-04  5.80556e-01 5.80636e-01 4.13932e-05
1.39725e-04 1.41701e-04  5.89662e-01 5.89762e-01 4.17142e-05
1.40815e-04 1.65914e-04  5.98862e-01 5.98984e-01 4.18442e-05
1.41905e-04 2.29368e-04  6.08134e-01 6.08305e-01 4.20092e-05
1.42995e-04 2.54887e-04  6.17473e-01 6.17669e-01 4.22343e-05
1.44085e-04 2.54319e-04  6.26849e-01 6.27055e-01 4.23834e-05
1.45175e-04 3.54458e-04  6.36303e-01 6.36595e-01 4.25704e-05
1.46266e-04 3.87364e-04  6.45837e-01 6.46150e-01 4.27128e-05
1.47357e-04 3.79948e-04  6.55449e-01 6.55749e-01 4.30222e-05
1.48447e-04 2.93162e-04  6.65153e-01 6.65377e-01 4.32056e-05
1.49538e-04 1.70128e-04  6.74916e-01 6.75036e-01 4.34264e-05
1.50629e-04 1.17984e-04  6.84745e-01 6.84819e-01 4.36987e-05
1.51720e-04 1.84551e-04  6.94622e-01 6.94754e-01 4.37979e-05
1.52811e-04 1.81419e-04  7.04565e-01 7.04700e-01 4.39516e-05
1.53903e-04 1.93372e-04  7.14609e-01 7.14754e-01 4.40687e-05
1.54994e-04 1.82412e-04  7.24731e-01 7.24866e-01 4.45101e-05
1.56086e-04 1.91840e-04  7.34936e-01 7.35080e-01 4.47457e-05
1.57177e-04 2.80806e-04  7.45198e-01 7.45410e-01 4.48657e-05
1.58269e-04 3.42852e-04  7.55502e-01 7.55768e-01 4.51778e-05
1.59361e-04 3.21321e-04  7.65870e-01 7.66123e-01 4.53984e-05
1.60453e-04 3.35024e-04  7.76322e-01 7.76591e-01 4.56076e-05
1.61545e-04 2.68312e-04  7.86886e-01 7.87095e-01 4.57413e-05
1.62637e-04 2.57740e-04  7.97519e-01 7.97714e-01 4.59570e-05
1.63730e-04 2.47415e-04  8.08205e-01 8.08389e-01 4.62789e-05
1.64822e-04 1.79362e-04  8.18947e-01 8.19080e-01 4.64397e-05
1.65915e-04 1.69145e-04  8.29742e-01 8.29866e-01 4.67134e-05
1.67008e-04 2.00699e-04  8.40625e-01 8.40777e-01 4.70407e-05
1.68100e-04 1.87420e-04  8.51597e-01 8.51739e-01 4.71348e-05
1.69193e-04 2.06555e-04  8.62659e-01 8.62810e-01 4.72955e-05
1.70287e-04 1.70153e-04  8.73788e-01 8.73906e-01 4.74166e-05
1.71380e-04 1.86333e-04  8.84953e-01 8.85089e-01 4.76382e-05
1.72473e-04 2.87069e-04  8.96185e-01 8.96413e-01 4.77529e-05
1.73566e-04 3.56089e-04  9.07490e-01 9.07780e-01 4.78770e-05
1.74660e-04 3.56712e-04  9.18885e-01 9.19176e-01 4.81157e-05
1.75754e-04 3.24303e-04  9.30369e-01 9.30629e-01 4.82564e-05
1.76848e-04 2.34417e-04  9.41923e-01 9.42105e-01 4.84050e-05
1.77941e-04 2.16492e-04  9.53538e-01 9.53700e-01 4.84951e-05
1.79036e-04 2.38441e-04  9.65193e-01 9.65372e-01 4.86097e-05
1.80130e-04 1.80127e-04  9.76926e-01 9.77061e-01 4.87233e-05
1.81224e-04 1.43326e-04  9.88748e-01 9.88849e-01 4.88854e-05
1.82318e-04 1.24128e-04  1.00065e+00 1.00073e+00 4.91239e-05
1.83413e-04 1.31609e-04  1.01263e+00 1.01272e+00 4.92311e-05
1.84507e-04 2.25398e-04  1.02468e+00 1.02485e+00 4.93836e-05
1.85602e-04 2.70576e-04  1.03678e+00 1.03699e+00 4.95802e-05
1.86697e-04 2.89573e-04  1.04894e+00 1.04917e+00 4.97215e-05
1.87792e-04 3.51928e-04  1.06117e+00 1.06145e+00 4.98901e-05
1.88887e-04 3.47503e-04  1.07350e+00 1.07377e+00 4.99613e-05
1.89982e-04 3.44858e-04  1.08591e+00 1.08617e+00 5.02322e-05
1.91078e-04 2.91959e-04  1.09839e+00 1.09861e+00 5.04417e-05
1.92173e-04 1.84351e-04  1.11092e+00 1.11106e+00 5.05826e-05
1.93269e-04 1.52986e-04  1.12351e+00 1.12363e+00 5.08386e-05
1.94364e-04 1.70754e-04  1.13618e+00 1.13630e+00 5.10030e-05
1.95460e-04 1.55573e-04  1.14892e+00 1.14903e+00 5.11077e-05
1.96556e-04 1.71915e-04  1.16176e+00 1.16188e+00 5.12026e-05
1.97652e-04 1.48050e-04  1.17467e+00 1.17477e+00 5.13431e-05
1.98748e-04 1.81697e-04  1.18763e+00 1.18777e+00 5.15952e-05
1.99844e-04 2.82623e-04  1.20067e+00 1.20088e+00 5.17265e-05
2.00941e-04 3.55377e-04  1.21376e+00 1.21403e+00 5.18857e-05
2.02037e-04 3.64890e-04  1.22693e+00 1.22721e+00 5.20935e-05
2.03134e-04 3.63760e-04  1.24017e+00 1.24047e+00 5.22229e-05
2.04231e-04 2.80127e-04  1.25351e+00 1.25374e+00 5.23601e-05
2.05327e-04 2.60392e-04  1.26693e+00 1.26713e+00 5.24080e-05
2.06424e-04 2.30056e-04  1.28039e+00 1.28056e+00 5.25210e-05
2.07522e-04 1.56054e-04  1.29391e+00 1.29402e+00 5.26065e-05
2.08619e-04 1.29316e-04  1.30750e+00 1.30758e+00 5.27611e-05
2.09716e-04 1.33027e-04  1.32117e+00 1.32126e+00 5.28959e-05
2.10814e-04 1.32988e-04  1.33494e+00 1.33503e+00 5.29899e-05
2.11911e-04 2.05453e-04  1.34879e+00 1.34894e+00 5.31019e-05
2.13009e-04 2.14058e-04  1.36269e+00 1.36285e+00 5.32036e-05
2.14107e-04 2.66494e-04  1.37664e+00 1.37685e+00 5.33258e-05
2.15205e-04 3.59107e-04  1.39065e+00 1.39093e+00 5.34204e-05
2.16303e-04 3.92310e-04  1.40475e+00 1.40507e+00 5.35213e-05
2.17401e-04 3.80761e-04  1.41895e+00 1.41925e+00 5.37081e-05
2.18499e-04 3.23708e-04  1.43322e+00 1.43347e+00 5.38469e-05
2.19597e-04 1.87603e-04  1.44755e+00 1.44769e+00 5.40194e-05
2.20696e-04 1.52581e-04  1.46194e+00 1.46205e+00 5.42039e-05
2.21795e-04 1.48442e-04  1.47638e+00 1.47649e+00 5.42841e-05
2.22893e-04 1.39929e-04  1.49090e+00 1.49100e+00 5.44030e-05
2.23992e-04 1.42747e-04  1.50552e+00 1.50562e+00 5.44763e-05
2.25091e-04 1.37866e-04  1.52023e+00 1.52032e+00 5.47022e-05
2.26190e-04 1.60084e-04  1.53500e+00 1.53511e+00 5.49074e-05
2.27290e-04 2.86271e-04  1.54982e+00 1.55003e+00 5.49558e-05
2.28389e-04 3.52385e-04  1.56469e+00 1.56497e+00 5.51457e-05
2.29488e-04 3.84974e-04  1.57964e+00 1.57995e+00 5.52886e-05
2.30588e-04 3.82227e-04  1.59468e+00 1.59499e+00 5.54043e-05
2.31688e-04 3.01872e-04  1.60981e+00 1.61006e+00 5.54988e-05
2.32787e-04 2.48770e-04  1.62502e+00 1.62521e+00 5.55744e-05
2.33887e-04 2.06973e-04  1.64027e+00 1.64042e+00 5.56881e-05
2.34987e-04 1.26529e-04  1.65558e+00 1.65566e+00 5.57614e-05
2.36088e-04 1.20318e-04  1.67096e+00 1.67103e+00 5.58765e-05
2.37188e-04 1.28951e-04  1.68643e+00 1.68651e+00 5.60027e-05
2.38288e-04 1.49979e-04  1.70198e+00 1.70208e+00 5.60565e-05
2.39389e-04 2.14886e-04  1.71761e+00 1.71777e+00 5.61560e-05
2.40489e-04 2.26465e-04  1.73330e+00 1.73347e+00 5.62779e-05
2.41590e-04 2.63209e-04  1.74904e+00 1.74925e+00 5.63690e-05
2.42691e-04 3.46308e-04  1.76486e+00 1.76514e+00 5.64533e-05
2.43792e-04 3.65175e-04  1.78075e+00 1.78105e+00 5.65372e-05
2.44893e-04 3.49258e-04  1.79672e+00 1.79700e+00 5.66431e-05
2.45994e-04 2.92162e-04  1.81278e+00 1.81301e+00 5.67222e-05
2.47096e-04 1.83987e-04  1.82890e+00 1.82904e+00 5.68281e-05
2.48197e-04 1.60125e-04  1.84509e+00 1.84520e+00 5.69279e-05
2.49299e-04 1.66082e-04  1.86134e+00 1.86145e+00 5.70230e-05
2.50401e-04 1.57654e-04  1.87765e+00 1.87776e+00 5.71361e-05
2.51502e-04 1.73132e-04  1.89405e+00 1.89418e+00 5.72730e-05
2.52604e-04 1.70430e-04  1.91053e+00 1.91066e+00 5.74812e-05
2.53707e-04 1.80541e-04  1.92709e+00 1.92723e+00 5.75898e-05
2.54809e-04 2.68229e-04  1.94372e+00 1.94392e+00 5.76684e-05
2.55911e-04 2.85883e-04  1.96040e+00 1.96062e+00 5.78046e-05
2.57013e-04 3.11296e-04  1.97714e+00 1.97739e+00 5.78752e-05
2.58116e-04 3.38341e-04  1.99396e+00 1.99423e+00 5.79785e-05
2.59219e-04 3.12197e-04  2.01087e+00 2.01111e+00 5.80640e-05
2.60321e-04 2.83268e-04  2.02786e+00 2.02807e+00 5.82378e-05
2.61424e-04 2.40897e-04  2.04492e+00 2.04510e+00 5.84141e-05
2.62527e-04 1.52951e-04  2.06204e+00 2.06215e+00 5.85350e-05
2.63630e-04 1.65017e-04  2.07921e+00 2.07933e+00 5.86766e-05
2.64734e-04 1.77854e-04  2.09646e+00 2.09659e+00 5.87792e-05
2.65837e-04 1.84392e-04  2.11378e+00 2.11392e+00 5.88095e-05
2.66941e-04 1.95896e-04  2.13121e+00 2.13136e+00 5.88861e-05
2.68044e-04 1.77542e-04  2.14872e+00 2.14884e+00 5.90278e-05
2.69148e-04 1.94309e-04  2.16627e+00 2.16641e+00 5.91340e-05
2.70252e-04 2.99779e-04  2.18387e+00 2.18410e+00 5.91962e-05
2.71356e-04 3.42018e-04  2.20154e+00 2.20180e+00 5.93096e-05
2.72460e-04 3.57888e-04  2.21930e+00 2.21958e+00 5.94690e-05
2.73564e-04 3.18720e-04  2.23715e+00 2.23740e+00 5.95562e-05
2.74668e-04 2.38427e-04  2.25508e+00 2.25526e+00 5.96180e-05
2.75773e-04 2.07689e-04  2.27308e+00 2.27323e+00 5.96968e-05
2.76877e-04 2.07613e-04  2.29111e+00 2.29127e+00 5.97885e-05
2.77982e-04 1.66238e-04  2.30921e+00 2.30933e+00 5.98733e-05
2.79087e-04 1.71935e-04  2.32739e+00 2.32752e+00 6.00405e-05
2.80192e-04 1.44735e-04  2.34567e+00 2.34578e+00 6.02105e-05
2.81297e-04 1.50144e-04  2.36404e+00 2.36414e+00 6.02953e-05
2.82402e-04 2.09288e-04  2.38246e+00 2.38261e+00 6.04091e-05
2.83507e-04 2.45810e-04  2.40094e+00 2.40112e+00 6.05265e-05
2.84612e-04 2.86073e-04  2.41947e+00 2.41970e+00 6.06182e-05
2.85718e-04 3.42600e-04  2.43808e+00 2.43836e+00 6.06793e-05
2.86824e-04 3.23103e-04  2.45679e+00 2.45705e+00 6.07750e-05
2.87929e-04 3.09560e-04  2.47558e+00 2.47582e+00 6.09425e-05
2.89035e-04 2.63585e-04  2.49444e+00 2.49464e+00 6.10628e-05
2.90141e-04 1.94201e-04  2.51335e+00 2.51349e+00 6.11817e-05
2.91247e-04 1.83367e-04  2.53232e+00 2.53245e+00 6.13256e-05
2.92354e-04 1.78401e-04  2.55137e+00 2.55150e+00 6.14320e-05
2.93460e-04 1.57298e-04  2.57049e+00 2.57060e+00 6.14797e-05
2.94567e-04 1.68427e-04  2.58971e+00 2.58982e+00 6.15258e-05
2.95673e-04 1.48655e-04  2.60900e+00 2.60910e+00 6.16071e-05
2.96780e-04 1.73216e-04  2.62835e+00 2.62848e+00 6.17124e-05
2.97887e-04 2.58989e-04  2.64776e+00 2.64796e+00 6.17897e-05
2.98994e-04 3.05910e-04  2.66724e+00 2.66748e+00 6.18728e-05
3.00101e-04 3.44280e-04  2.68679e+00 2.68706e+00 6.19833e-05
3.01208e-04 3.56007e-04  2.70642e+00 2.70670e+00 6.20866e-05
3.02315e-04 3.01881e-04  2.72615e+00 2.72638e+00 6.21421e-05
3.03423e-04 2.74952e-04  2.74594e+00 2.74615e+00 6.22047e-05
3.04530e-04 2.34328e-04  2.76579e+00 2.76597e+00 6.23145e-05
3.05638e-04 1.62994e-04  2.78569e+00 2.78581e+00 6.23794e-05
3.06745e-04 1.46358e-04  2.80567e+00 2.80577e+00 6.24719e-05
3.07853e-04 1.21879e-04  2.82574e+00 2.82582e+00 6.25352e-05
3.08961e-04 1.24186e-04  2.84589e+00 2.84597e+00 6.26287e-05
3.10070e-04 1.74484e-04  2.86611e+00 2.86624e+00 6.27161e-05
3.11178e-04 2.05396e-04  2.88640e+00 2.88655e+00 6.28239e-05
3.12286e-04 2.67879e-04  2.90675e+00 2.90695e+00 6.29301e-05
3.13395e-04 3.66271e-04  2.92715e+00 2.92744e+00 6.29739e-05
3.14503e-04 3.85956e-04  2.94764e+00 2.94795e+00 6.30787e-05
3.15612e-04 3.76609e-04  2.96822e+00 2.96852e+00 6.32201e-05
3.16721e-04 3.05076e-04  2.98888e+00 2.98913e+00 6.33371e-05
3.17830e-04 2.00091e-04  3.00961e+00 3.00976e+00 6.34378e-05
3.18939e-04 1.54627e-04  3.03039e+00 3.03050e+00 6.35207e-05
3.20048e-04 1.39875e-04  3.05123e+00 3.05132e+00 6.35971e-05
3.21157e-04 1.19756e-04  3.07214e+00 3.07222e+00 6.37181e-05
3.22267e-04 1.43036e-04  3.09315e+00 3.09325e+00 6.38020e-05
3.23376e-04 1.39489e-04  3.11425e+00 3.11434e+00 6.38968e-05
3.24486e-04 1.84250e-04  3.13541e+00 3.13554e+00 6.39726e-05
3.25596e-04 2.72917e-04  3.15663e+00 3.15684e+00 6.40502e-05
3.26706e-04 3.27323e-04  3.17789e+00 3.17816e+00 6.41504e-05
3.27816e-04 3.60420e-04  3.19924e+00 3.19953e+00 6.42247e-05
3.28926e-04 3.71826e-04  3.22067e+00 3.22098e+00 6.42911e-05
3.30036e-04 3.04194e-04  3.24220e+00 3.24244e+00 6.43599e-05
3.31147e-04 2.57839e-04  3.26380e+00 3.26400e+00 6.44628e-05
3.32257e-04 1.91149e-04  3.28546e+00 3.28559e+00 6.45530e-05
3.33368e-04 1.36050e-04  3.30716e+00 3.30725e+00 6.46218e-05
3.34479e-04 1.35546e-04  3.32893e+00 3.32903e+00 6.46775e-05
3.35589e-04 1.41102e-04  3.35080e+00 3.35090e+00 6.47311e-05
3.36700e-04 1.44526e-04  3.37275e+00 3.37285e+00 6.47843e-05
3.37812e-04 1.87990e-04  3.39479e+00 3.39492e+00 6.48541e-05
3.38923e-04 2.00020e-04  3.41688e+00 3.41703e+00 6.49465e-05
3.40034e-04 2.66513e-04  3.43902e+00 3.43923e+00 6.50365e-05
3.41146e-04 3.51803e-04  3.46123e+00 3.46151e+00 6.51312e-05
3.42257e-04 3.76548e-04  3.48352e+00 3.48382e+00 6.52631e-05
3.43369e-04 3.59594e-04  3.50590e+00 3.50618e+00 6.53536e-05
3.44481e-04 3.00015e-04  3.52837e+00 3.52860e+00 6.54314e-05
3.45593e-04 2.00327e-04  3.55090e+00 3.55104e+00 6.54939e-05
3.46705e-04 1.70893e-04  3.57348e+00 3.57360e+00 6.55526e-05
3.47817e-04 1.46841e-04  3.59612e+00 3.59623e+00 6.56077e-05
3.48929e-04 1.34962e-04  3.61884e+00 3.61894e+00 6.56615e-05
3.50042e-04 1.52705e-04  3.64165e+00 3.64176e+00 6.57510e-05
3.51154e-04 1.56844e-04  3.66455e+00 3.66466e+00 6.58518e-05
3.52267e-04 1.88674e-04  3.68751e+00 3.68765e+00 6.59389e-05
3.53380e-04 2.71769e-04  3.71053e+00 3.71074e+00 6.60179e-05
3.54493e-04 3.07750e-04  3.73362e+00 3.73385e+00 6.61072e-05
3.55606e-04 3.46851e-04  3.75677e+00 3.75704e+00 6.61541e-05
3.56719e-04 3.57202e-04  3.78000e+00 3.78029e+00 6.62211e-05
3.57832e-04 3.04565e-04  3.80332e+00 3.80357e+00 6.62548e-05
3.58946e-04 2.54634e-04  3.82672e+00 3.82692e+00 6.63102e-05
3.60059e-04 1.95140e-04  3.85019e+00 3.85033e+00 6.63553e-05
3.61173e-04 1.39196e-04  3.87371e+00 3.87381e+00 6.64169e-05
3.62286e-04 1.51365e-04  3.89730e+00 3.89740e+00 6.64856e-05
3.63400e-04 1.61141e-04  3.92095e+00 3.92107e+00 6.65429e-05
3.64514e-04 1.69377e-04  3.94470e+00 3.94483e+00 6.65864e-05
3.65628e-04 1.97127e-04  3.96854e+00 3.96868e+00 6.66712e-05
3.66743e-04 1.98198e-04  3.99245e+00 3.99259e+00 6.67612e-05
3.67857e-04 2.38613e-04  4.01641e+00 4.01659e+00 6.68058e-05
3.68971e-04 3.08222e-04  4.04042e+00 4.04067e+00 6.68452e-05
3.70086e-04 3.28614e-04  4.06451e+00 4.06478e+00 6.68924e-05
3.71201e-04 3.30321e-04  4.08869e+00 4.08895e+00 6.69625e-05
3.72316e-04 2.96625e-04  4.11295e+00 4.11319e+00 6.70042e-05
3.73430e-04 2.26027e-04  4.13730e+00 4.13746e+00 6.70671e-05
3.74546e-04 1.99021e-04  4.16170e+00 4.16184e+00 6.71477e-05
3.75661e-04 1.73547e-04  4.18615e+00 4.18628e+00 6.72259e-05
3.76776e-04 1.59452e-04  4.21067e+00 4.21079e+00 6.72929e-05
3.77891e-04 1.74431e-04  4.23527e+00 4.23540e+00 6.73867e-05
3.79007e-04 1.63489e-04  4.25997e+00 4.26009e+00 6.74568e-05
3.80123e-04 1.64996e-04  4.28475e+00 4.28487e+00 6.74921e-05
3.81238e-04 2.13065e-04  4.30960e+00 4.30975e+00 6.75410e-05
3.82354e-04 2.47842e-04  4.33449e+00 4.33468e+00 6.75878e-05
3.83470e-04 3.18411e-04  4.35943e+00 4.35969e+00 6.76437e-05
3.84586e-04 3.60806e-04  4.38447e+00 4.38475e+00 6.76975e-05
3.85703e-04 3.31519e-04  4.40960e+00 4.40986e+00 6.77853e-05
3.86819e-04 2.81770e-04  4.43482e+00 4.43503e+00 6.78786e-05
3.87936e-04 2.24708e-04  4.46010e+00 4.46026e+00 6.79214e-05
3.89052e-04 1.72332e-04  4.48542e+00 4.48555e+00 6.79579e-05
3.90169e-04 1.83059e-04  4.51081e+00 4.51094e+00 6.80055e-05
3.91286e-04 1.68097e-04  4.53627e+00 4.53640e+00 6.80527e-05
3.92403e-04 1.55965e-04  4.56183e+00 4.56195e+00 6.80752e-05
3.93520e-04 1.66311e-04  4.58748e+00 4.58760e+00 6.81199e-05
3.94637e-04 1.74052e-04  4.61319e+00 4.61332e+00 6.81777e-05
3.95755e-04 2.20804e-04  4.63896e+00 4.63913e+00 6.82354e-05
3.96872e-04 2.98610e-04  4.66478e+00 4.66502e+00 6.82787e-05
3.97990e-04 3.16436e-04  4.69069e+00 4.69094e+00 6.83204e-05
3.99107e-04 3.29923e-04  4.71667e+00 4.71694e+00 6.83732e-05
4.00225e-04 3.07055e-04  4.74275e+00 4.74299e+00 6.84018e-05
4.01343e-04 2.57792e-04  4.76890e+00 4.76910e+00 6.84308e-05
4.02461e-04 2.33486e-04  4.79511e+00 4.79529e+00 6.84641e-05
4.03579e-04 2.04676e-04  4.82138e+00 4.82153e+00 6.85403e-05
4.04698e-04 1.64532e-04  4.84771e+00 4.84783e+00 6.86012e-05
4.05816e-04 1.67798e-04  4.87413e+00 4.87425e+00 6.86617e-05
4.06935e-04 1.43048e-04  4.90063e+00 4.90073e+00 6.87056e-05
4.08053e-04 1.45434e-04  4.92721e+00 4.92731e+00 6.87483e-05
4.09172e-04 1.79994e-04  4.95387e+00 4.95399e+00 6.87888e-05
4.10291e-04 2.15527e-04  4.98057e+00 4.98074e+00 6.88555e-05
4.11410e-04 2.80139e-04  5.00734e+00 5.00757e+00 6.89214e-05
4.12529e-04 3.52182e-04  5.03419e+00 5.03447e+00 6.89568e-05
4.13649e-04 3.55580e-04  5.06112e+00 5.06140e+00 6.90225e-05
4.14768e-04 3.42570e-04  5.08814e+00 5.08841e+00 6.91053e-05
4.15888e-04 2.83984e-04  5.11523e+00 5.11545e+00 6.92005e-05
4.17007e-04 2.07411e-04  5.14238e+00 5.14253e+00 6.92407e-05
4.18127e-04 1.68384e-04  5.16959e+00 5.16971e+00 6.92782e-05
4.19247e-04 1.32984e-04  5.19686e+00 5.19695e+00 6.93225e-05
4.20367e-04 1.11783e-04  5.22422e+00 5.22429e+00 6.93875e-05
4.21487e-04 1.32995e-04  5.25167e+00 5.25176e+00 6.94422e-05
4.22607e-04 1.45508e-04  5.27920e+00 5.27930e+00 6.94693e-05
4.23727e-04 2.01543e-04  5.30679e+00 5.30695e+00 6.94989e-05
4.24848e-04 2.91294e-04  5.33444e+00 5.33467e+00 6.95701e-05
4.25968e-04 3.52489e-04  5.36215e+00 5.36242e+00 6.96372e-05
4.27089e-04 3.92729e-04  5.38993e+00 5.39024e+00 6.96822e-05
4.28210e-04 3.73164e-04  5.41782e+00 5.41811e+00 6.97226e-05
4.29331e-04 2.83813e-04  5.44579e+00 5.44601e+00 6.97572e-05
4.30452e-04 2.14705e-04  5.47382e+00 5.47398e+00 6.98026e-05
4.31573e-04 1.54628e-04  5.50191e+00 5.50201e+00 6.98537e-05
4.32694e-04 1.24785e-04  5.53004e+00 5.53013e+00 6.98872e-05
4.33816e-04 1.41514e-04  5.55826e+00 5.55836e+00 6.99012e-05
4.34937e-04 1.41538e-04  5.58658e+00 5.58668e+00 6.99208e-05
4.36059e-04 1.53638e-04  5.61498e+00 5.61509e+00 6.99658e-05
4.37181e-04 2.00078e-04  5.64346e+00 5.64360e+00 7.00085e-05
4.38303e-04 2.42962e-04  5.67198e+00 5.67216e+00 7.00473e-05
4.39425e-04 3.13803e-04  5.70056e+00 5.70080e+00 7.00821e-05
4.40547e-04 3.70724e-04  5.72921e+00 5.72951e+00 7.01308e-05
4.41669e-04 3.51926e-04  5.75796e+00 5.75825e+00 7.01850e-05
4.42792e-04 3.15912e-04  5.78680e+00 5.78705e+00 7.02193e-05
4.43914e-04 2.50293e-04  5.81571e+00 5.81590e+00 7.02494e-05
4.45037e-04 1.82781e-04  5.84467e+00 5.84480e+00 7.02911e-05
4.46160e-04 1.62001e-04  5.87369e+00 5.87380e+00 7.03437e-05
4.47283e-04 1.42434e-04  5.90278e+00 5.90288e+00 7.03902e-05
4.48406e-04 1.25716e-04  5.93196e+00 5.93204e+00 7.04357e-05
4.49529e-04 1.44603e-04  5.96123e+00 5.96133e+00 7.04974e-05
4.50652e-04 1.54158e-04  5.99057e+00 5.99068e+00 7.05721e-05
4.51775e-04 2.07399e-04  6.01998e+00 6.02013e+00 7.06239e-05
4.52899e-04 2.90778e-04  6.04944e+00 6.04966e+00 7.06589e-05
4.54022e-04 3.42539e-04  6.07896e+00 6.07924e+00 7.07076e-05
4.55146e-04 3.76099e-04  6.10857e+00 6.10887e+00 7.07691e-05
4.56270e-04 3.64222e-04  6.13827e+00 6.13856e+00 7.08427e-05
4.57394e-04 2.81678e-04  6.16805e+00 6.16827e+00 7.08913e-05
4.58518e-04 2.15155e-04  6.19790e+00 6.19806e+00 7.09378e-05
4.59642e-04 1.52567e-04  6.22780e+00 6.22791e+00 7.09982e-05
4.60767e-04 1.19582e-04  6.25776e+00 6.25784e+00 7.10633e-05
4.61891e-04 1.31370e-04  6.28780e+00 6.28789e+00 7.11078e-05
4.63016e-04 1.43067e-04  6.31794e+00 6.31804e+00 7.11506e-05
4.64140e-04 1.63484e-04  6.34815e+00 6.34827e+00 7.12077e-05
4.65265e-04 2.24566e-04  6.37844e+00 6.37860e+00 7.12661e-05
4.66390e-04 2.63621e-04  6.40878e+00 6.40898e+00 7.13100e-05
4.67515e-04 3.19088e-04  6.43919e+00 6.43943e+00 7.13457e-05
4.68640e-04 3.53576e-04  6.46966e+00 6.46995e+00 7.14193e-05
4.69766e-04 3.33202e-04  6.50022e+00 6.50049e+00 7.14814e-05
4.70891e-04 2.91475e-04  6.53086e+00 6.53110e+00 7.15301e-05
4.72017e-04 2.34086e-04  6.56159e+00 6.56177e+00 7.15429e-05
4.73142e-04 1.65131e-04  6.59238e+00 6.59250e+00 7.15897e-05
4.74268e-04 1.54033e-04  6.62323e+00 6.62334e+00 7.16430e-05
4.75394e-04 1.56872e-04  6.65414e+00 6.65425e+00 7.16891e-05
4.76520e-04 1.74230e-04  6.68512e+00 6.68525e+00 7.17303e-05
4.77646e-04 1.98560e-04  6.71620e+00 6.71635e+00 7.17831e-05
4.78773e-04 1.93123e-04  6.74737e+00 6.74752e+00 7.18457e-05
4.79899e-04 2.02099e-04  6.77861e+00 6.77876e+00 7.18723e-05
4.81025e-04 2.53860e-04  6.80990e+00 6.81009e+00 7.19049e-05
4.82152e-04 2.89961e-04  6.84123e+00 6.84147e+00 7.19315e-05
4.83279e-04 3.28098e-04  6.87265e+00 6.87292e+00 7.19711e-05
4.84406e-04 3.24109e-04  6.90417e+00 6.90443e+00 7.19914e-05
4.85533e-04 2.73006e-04  6.93578e+00 6.93598e+00 7.20386e-05
4.86660e-04 2.31448e-04  6.96745e+00 6.96762e+00 7.20968e-05
4.87787e-04 1.98754e-04  6.99918e+00 6.99932e+00 7.21484e-05
4.88914e-04 1.71314e-04  7.03096e+00 7.03108e+00 7.21797e-05
4.90042e-04 1.81070e-04  7.06282e+00 7.06295e+00 7.22222e-05
4.91170e-04 1.66314e-04  7.09476e+00 7.09488e+00 7.22870e-05
4.92297e-04 1.56202e-04  7.12680e+00 7.12691e+00 7.23248e-05
4.93425e-04 1.73540e-04  7.15892e+00 7.15904e+00 7.23497e-05
4.94553e-04 2.01068e-04  7.19109e+00 7.19123e+00 7.23711e-05
4.95681e-04 2.66655e-04  7.22331e+00 7.22351e+00 7.24110e-05
4.96809e-04 3.38716e-04  7.25559e+00 7.25586e+00 7.24636e-05
4.97938e-04 3.43112e-04  7.28797e+00 7.28824e+00 7.25153e-05
4.99066e-04 3.17847e-04  7.32045e+00 7.32070e+00 7.25625e-05
5.00195e-04 2.66134e-04  7.35301e+00 7.35321e+00 7.26106e-05
5.01323e-04 2.08887e-04  7.38561e+00 7.38577e+00 7.26506e-05
5.02452e-04 1.93980e-04  7.41827e+00 7.41842e+00 7.26979e-05
5.03581e-04 1.76124e-04  7.45101e+00 7.45114e+00 7.27444e-05
5.04710e-04 1.51730e-04  7.48382e+00 7.48393e+00 7.27769e-05
5.05840e-04 1.53437e-04  7.51673e+00 7.51684e+00 7.28072e-05
5.06969e-04 1.51040e-04  7.54972e+00 7.54982e+00 7.28527e-05
5.08098e-04 1.79111e-04  7.58277e+00 7.58289e+00 7.29121e-05
5.09228e-04 2.43622e-04  7.61587e+00 7.61606e+00 7.29665e-05
5.10357e-04 2.88987e-04  7.64904e+00 7.64927e+00 7.30005e-05
5.11487e-04 3.29321e-04  7.68229e+00 7.68256e+00 7.30497e-05
5.12617e-04 3.41057e-04  7.71563e+00 7.71591e+00 7.30993e-05
5.13747e-04 3.02017e-04  7.74906e+00 7.74929e+00 7.31513e-05
5.14877e-04 2.65708e-04  7.78255e+00 7.78275e+00 7.31873e-05
5.16008e-04 2.23983e-04  7.81610e+00 7.81627e+00 7.32293e-05
5.17138e-04 1.74425e-04  7.84971e+00 7.84984e+00 7.32732e-05
5.18269e-04 1.57677e-04  7.88340e+00 7.88351e+00 7.33254e-05
5.19399e-04 1.36319e-04  7.91717e+00 7.91726e+00 7.33768e-05
5.20530e-04 1.29617e-04  7.95102e+00 7.95111e+00 7.34206e-05
5.21661e-04 1.56416e-04  7.98496e+00 7.98506e+00 7.34594e-05
5.22792e-04 1.91556e-04  8.01895e+00 8.01910e+00 7.35047e-05
5.23923e-04 2.55408e-04  8.05301e+00 8.05321e+00 7.35521e-05
5.25054e-04 3.38290e-04  8.08713e+00 8.08740e+00 7.35996e-05
5.26186e-04 3.70271e-04  8.12133e+00 8.12162e+00 7.36611e-05
5.27317e-04 3.68740e-04  8.15562e+00 8.15591e+00 7.37250e-05
5.28449e-04 3.15216e-04  8.19000e+00 8.19024e+00 7.38121e-05
5.29580e-04 2.28803e-04  8.22444e+00 8.22461e+00 7.38800e-05
5.30712e-04 1.71134e-04  8.25894e+00 8.25906e+00 7.39424e-05
5.31844e-04 1.36290e-04  8.29349e+00 8.29358e+00 7.40191e-05
5.32976e-04 1.14708e-04  8.32812e+00 8.32820e+00 7.40858e-05
5.34109e-04 1.28245e-04  8.36285e+00 8.36293e+00 7.41291e-05
5.35241e-04 1.37883e-04  8.39767e+00 8.39776e+00 7.41695e-05
5.36373e-04 1.80945e-04  8.43255e+00 8.43268e+00 7.42214e-05
5.37506e-04 2.61892e-04  8.46749e+00 8.46769e+00 7.42732e-05
5.38639e-04 3.32801e-04  8.50248e+00 8.50274e+00 7.43283e-05
5.39771e-04 3.81037e-04  8.53755e+00 8.53785e+00 7.43884e-05
5.40904e-04 3.81341e-04  8.57271e+00 8.57302e+00 7.44636e-05
5.42038e-04 3.06039e-04  8.60797e+00 8.60821e+00 7.45220e-05
5.43171e-04 2.32733e-04  8.64330e+00 8.64348e+00 7.45720e-05
5.44304e-04 1.68419e-04  8.67868e+00 8.67880e+00 7.46202e-05
5.45437e-04 1.30044e-04  8.71411e+00 8.71420e+00 7.46690e-05
5.46571e-04 1.32325e-04  8.74961e+00 8.74970e+00 7.47035e-05
5.47705e-04 1.37461e-04  8.78521e+00 8.78531e+00 7.47332e-05
5.48838e-04 1.42456e-04  8.82091e+00 8.82100e+00 7.47709e-05
5.49972e-04 1.84141e-04  8.85667e+00 8.85681e+00 7.48169e-05
5.51106e-04 2.26197e-04  8.89250e+00 8.89267e+00 7.48735e-05
5.52241e-04 2.93260e-04  8.92837e+00 8.92860e+00 7.49233e-05
5.53375e-04 3.53764e-04  8.96432e+00 8.96460e+00 7.49618e-05
5.54509e-04 3.56388e-04  9.00035e+00 9.00064e+00 7.50024e-05
5.55644e-04 3.24232e-04  9.03648e+00 9.03674e+00 7.50410e-05
5.56779e-04 2.71541e-04  9.07269e+00 9.07290e+00 7.50719e-05
5.57913e-04 1.97931e-04  9.10895e+00 9.10909e+00 7.51033e-05
5.59048e-04 1.61951e-04  9.14527e+00 9.14538e+00 7.51422e-05
5.60183e-04 1.38018e-04  9.18166e+00 9.18175e+00 7.51878e-05
5.61318e-04 1.27790e-04  9.21813e+00 9.21821e+00 7.52259e-05
5.62454e-04 1.47891e-04  9.25469e+00 9.25479e+00 7.52706e-05
5.63589e-04 1.70242e-04  9.29133e+00 9.29145e+00 7.53287e-05
5.64725e-04 2.06471e-04  9.32804e+00 9.32819e+00 7.53865e-05
5.65860e-04 2.76317e-04  9.36481e+00 9.36502e+00 7.54255e-05
5.66996e-04 3.24206e-04  9.40164e+00 9.40189e+00 7.54658e-05
5.68132e-04 3.57402e-04  9.43854e+00 9.43883e+00 7.55116e-05
5.69268e-04 3.51539e-04  9.47554e+00 9.47581e+00 7.55775e-05
5.70404e-04 2.86790e-04  9.51261e+00 9.51284e+00 7.56241e-05
5.71540e-04 2.17296e-04  9.54977e+00 9.54993e+00 7.56800e-05
5.72677e-04 1.64595e-04  9.58698e+00 9.58709e+00 7.57378e-05
5.73813e-04 1.30678e-04  9.62425e+00 9.62434e+00 7.58068e-05
5.74950e-04 1.45591e-04  9.66159e+00 9.66170e+00 7.58694e-05
5.76086e-04 1.64209e-04  9.69902e+00 9.69914e+00 7.59164e-05
5.77223e-04 1.78991e-04  9.73654e+00 9.73667e+00 7.59669e-05
5.78360e-04 2.10818e-04  9.77413e+00 9.77429e+00 7.60216e-05
5.79497e-04 2.37613e-04  9.81179e+00 9.81197e+00 7.60824e-05
5.80635e-04 2.77159e-04  9.84951e+00 9.84972e+00 7.61330e-05
5.81772e-04 3.24220e-04  9.88729e+00 9.88754e+00 7.62017e-05
5.82909e-04 3.26237e-04  9.92515e+00 9.92540e+00 7.62514e-05
5.84047e-04 2.99876e-04  9.96310e+00 9.96334e+00 7.63148e-05
5.85185e-04 2.51470e-04  1.00011e+01 1.00013e+01 7.63645e-05
5.86323e-04 1.91536e-04  1.00392e+01 1.00394e+01 7.64121e-05
5.87460e-04 1.72559e-04  1.00774e+01 1.00775e+01 7.64503e-05
5.88599e-04 1.74499e-04  1.01156e+01 1.01158e+01 7.64895e-05
5.89737e-04 1.73247e-04  1.01539e+01 1.01540e+01 7.65298e-05
5.90875e-04 1.78848e-04  1.01923e+01 1.01924e+01 7.65819e-05
5.92014e-04 1.70762e-04  1.02308e+01 1.02309e+01 7.66350e-05
5.93152e-04 1.79726e-04  1.02693e+01 1.02695e+01 7.66811e-05
5.94291e-04 2.33655e-04  1.03079e+01 1.03081e+01 7.67307e-05
5.95430e-04 2.85192e-04  1.03466e+01 1.03468e+01 7.67751e-05
5.96569e-04 3.27226e-04  1.03853e+01 1.03856e+01 7.68284e-05
5.97708e-04 3.35107e-04  1.04242e+01 1.04244e+01 7.68625e-05
5.98847e-04 2.90896e-04  1.04631e+01 1.04633e+01 7.68940e-05
5.99986e-04 2.43366e-04  1.05021e+01 1.05023e+01 7.69356e-05
6.01126e-04 2.05875e-04  1.05411e+01 1.05413e+01 7.70114e-05
6.02265e-04 1.70502e-04  1.05802e+01 1.05803e+01 7.70699e-05
6.03405e-04 1.66449e-04  1.06194e+01 1.06195e+01 7.71082e-05
6.04545e-04 1.57129e-04  1.06587e+01 1.06588e+01 7.71479e-05
6.05685e-04 1.47430e-04  1.06980e+01 1.06981e+01 7.71994e-05
6.06825e-04 1.67252e-04  1.07375e+01 1.07376e+01 7.72431e-05
6.07965e-04 2.04187e-04  1.07769e+01 1.07771e+01 7.72873e-05
6.09105e-04 2.64045e-04  1.08165e+01 1.08167e+01 7.73242e-05
6.10245e-04 3.31577e-04  1.08561e+01 1.08564e+01 7.73700e-05
6.11386e-04 3.40669e-04  1.08958e+01 1.08961e+01 7.74194e-05
6.12527e-04 3.16162e-04  1.09356e+01 1.09358e+01 7.74690e-05
6.13667e-04 2.71654e-04  1.09755e+01 1.09757e+01 7.75242e-05
6.14808e-04 2.16851e-04  1.10154e+01 1.10156e+01 7.75769e-05
6.15949e-04 1.87948e-04  1.10554e+01 1.10555e+01 7.76250e-05
6.17090e-04 1.70895e-04  1.10955e+01 1.10956e+01 7.76825e-05
6.18232e-04 1.45367e-04  1.11356e+01 1.11357e+01 7.77388e-05
6.19373e-04 1.47954e-04  1.11758e+01 1.11759e+01 7.77935e-05
6.20515e-04 1.53765e-04  1.12161e+01 1.12162e+01 7.78625e-05
6.21656e-04 1.79595e-04  1.12565e+01 1.12566e+01 7.79111e-05
6.22798e-04 2.36639e-04  1.12970e+01 1.12971e+01 7.79491e-05
6.23940e-04 2.90712e-04  1.13375e+01 1.13377e+01 7.79820e-05
6.25082e-04 3.30992e-04  1.13780e+01 1.13783e+01 7.80529e-05
6.26224e-04 3.49491e-04  1.14187e+01 1.14190e+01 7.81284e-05
6.27366e-04 3.09803e-04  1.14595e+01 1.14597e+01 7.82028e-05
6.28509e-04 2.60044e-04  1.15003e+01 1.15005e+01 7.82614e-05
6.29651e-04 2.10991e-04  1.15412e+01 1.15413e+01 7.83378e-05
6.30794e-04 1.63783e-04  1.15821e+01 1.15822e+01 7.84132e-05
6.31936e-04 1.43685e-04  1.16231e+01 1.16232e+01 7.84780e-05
6.33079e-04 1.35740e-04  1.16642e+01 1.16643e+01 7.85117e-05
6.34222e-04 1.30452e-04  1.17054e+01 1.17055e+01 7.85430e-05
6.35365e-04 1.61857e-04  1.17467e+01 1.17468e+01 7.85834e-05
6.36509e-04 2.07397e-04  1.17880e+01 1.17882e+01 7.86221e-05
6.37652e-04 2.76147e-04  1.18294e+01 1.18296e+01 7.86651e-05
6.38795e-04 3.51672e-04  1.18709e+01 1.18711e+01 7.87086e-05
6.39939e-04 3.76676e-04  1.19124e+01 1.19127e+01 7.87703e-05
6.41083e-04 3.47529e-04  1.19540e+01 1.19543e+01 7.88244e-05
6.42227e-04 2.86027e-04  1.19958e+01 1.19960e+01 7.88883e-05
6.43371e-04 2.02052e-04  1.20375e+01 1.20377e+01 7.89323e-05
6.44515e-04 1.54505e-04  1.20794e+01 1.20795e+01 7.89747e-05
6.45659e-04 1.33474e-04  1.21213e+01 1.21213e+01 7.90048e-05
6.46803e-04 1.22316e-04  1.21632e+01 1.21633e+01 7.90503e-05
6.47948e-04 1.34837e-04  1.22053e+01 1.22054e+01 7.90950e-05
6.49092e-04 1.59232e-04  1.22475e+01 1.22476e+01 7.91427e-05
6.50237e-04 2.00196e-04  1.22897e+01 1.22898e+01 7.91952e-05
6.51382e-04 2.75334e-04  1.23320e+01 1.23322e+01 7.92559e-05
6.52527e-04 3.34397e-04  1.23743e+01 1.23746e+01 7.93017e-05
6.53672e-04 3.63847e-04  1.24167e+01 1.24170e+01 7.93278e-05
6.54817e-04 3.50678e-04  1.24592e+01 1.24595e+01 7.93607e-05
6.55962e-04 2.82502e-04  1.25018e+01 1.25021e+01 7.94030e-05
6.57108e-04 2.13011e-04  1.25445e+01 1.25447e+01 7.94589e-05
6.58253e-04 1.68950e-04  1.25872e+01 1.25873e+01 7.95000e-05
6.59399e-04 1.38612e-04  1.26300e+01 1.26301e+01 7.95303e-05
6.60545e-04 1.39914e-04  1.26729e+01 1.26730e+01 7.95661e-05
6.61691e-04 1.45677e-04  1.27158e+01 1.27159e+01 7.96246e-05
6.62837e-04 1.52871e-04  1.27589e+01 1.27590e+01 7.96845e-05
6.63983e-04 1.92447e-04  1.28020e+01 1.28021e+01 7.97303e-05
6.65129e-04 2.44859e-04  1.28451e+01 1.28453e+01 7.97538e-05
6.66276e-04 3.01119e-04  1.28884e+01 1.28886e+01 7.97799e-05
6.67422e-04 3.50065e-04  1.29317e+01 1.29319e+01 7.98258e-05
6.68569e-04 3.43838e-04  1.29751e+01 1.29753e+01 7.98870e-05
6.69716e-04 3.04060e-04  1.30185e+01 1.30188e+01 7.99474e-05
6.70863e-04 2.52060e-04  1.30621e+01 1.30623e+01 8.00143e-05
6.72010e-04 1.85792e-04  1.31057e+01 1.31058e+01 8.00827e-05
6.73157e-04 1.48230e-04  1.31494e+01 1.31495e+01 8.01373e-05
6.74304e-04 1.37918e-04  1.31931e+01 1.31932e+01 8.01686e-05
6.75452e-04 1.36771e-04  1.32369e+01 1.32370e+01 8.02095e-05
6.76599e-04 1.60416e-04  1.32809e+01 1.32810e+01 8.02748e-05
6.77747e-04 1.88687e-04  1.33249e+01 1.33250e+01 8.03371e-05
6.78895e-04 2.22169e-04  1.33689e+01 1.33691e+01 8.03722e-05
6.80043e-04 2.83188e-04  1.34130e+01 1.34133e+01 8.04134e-05
6.81191e-04 3.25230e-04  1.34572e+01 1.34575e+01 8.05084e-05
6.82339e-04 3.38091e-04  1.35015e+01 1.35018e+01 8.06170e-05
6.83487e-04 3.21430e-04  1.35459e+01 1.35461e+01 8.06976e-05
6.84636e-04 2.61097e-04  1.35903e+01 1.35905e+01 8.07500e-05
6.85784e-04 1.99227e-04  1.36348e+01 1.36350e+01 8.08017e-05
6.86933e-04 1.64126e-04  1.36794e+01 1.36795e+01 8.08507e-05
6.88081e-04 1.44655e-04  1.37240e+01 1.37241e+01 8.09064e-05
6.89230e-04 1.60460e-04  1.37687e+01 1.37688e+01 8.09557e-05
6.90379e-04 1.79165e-04  1.38135e+01 1.38136e+01 8.10028e-05
6.91529e-04 1.82623e-04  1.38584e+01 1.38585e+01 8.10627e-05
6.92678e-04 2.03078e-04  1.39034e+01 1.39035e+01 8.11408e-05
6.93827e-04 2.37252e-04  1.39484e+01 1.39486e+01 8.12253e-05
6.94977e-04 2.79185e-04  1.39934e+01 1.39937e+01 8.12861e-05
6.96126e-04 3.24058e-04  1.40386e+01 1.40388e+01 8.13290e-05
6.97276e-04 3.19451e-04  1.40838e+01 1.40841e+01 8.13608e-05
6.98426e-04 2.80979e-04  1.41292e+01 1.41294e+01 8.14040e-05
6.99576e-04 2.35809e-04  1.41746e+01 1.41747e+01 8.14562e-05
7.00726e-04 1.91855e-04  1.42200e+01 1.42202e+01 8.15263e-05
7.01876e-04 1.74961e-04  1.42655e+01 1.42657e+01 8.15821e-05
7.03027e-04 1.76949e-04  1.43111e+01 1.43113e+01 8.16475e-05
7.04177e-04 1.64776e-04  1.43568e+01 1.43569e+01 8.17201e-05
7.05328e-04 1.65814e-04  1.44026e+01 1.44027e+01 8.17860e-05
7.06479e-04 1.72486e-04  1.44484e+01 1.44486e+01 8.18255e-05
7.07630e-04 1.96029e-04  1.44943e+01 1.44945e+01 8.18422e-05
7.08781e-04 2.50677e-04  1.45403e+01 1.45405e+01 8.18518e-05
7.09932e-04 3.01363e-04  1.45863e+01 1.45866e+01 8.18721e-05
7.11083e-04 3.24884e-04  1.46325e+01 1.46327e+01 8.19209e-05
7.12234e-04 3.20472e-04  1.46787e+01 1.46789e+01 8.19906e-05
7.13386e-04 2.70943e-04  1.47250e+01 1.47252e+01 8.20621e-05
7.14537e-04 2.22975e-04  1.47713e+01 1.47715e+01 8.21148e-05
7.15689e-04 1.94943e-04  1.48177e+01 1.48179e+01 8.21567e-05
7.16841e-04 1.71457e-04  1.48642e+01 1.48643e+01 8.21954e-05
7.17993e-04 1.60037e-04  1.49108e+01 1.49109e+01 8.22377e-05
7.19145e-04 1.51767e-04  1.49574e+01 1.49575e+01 8.22659e-05
7.20298e-04 1.44639e-04  1.50042e+01 1.50043e+01 8.22823e-05
7.21450e-04 1.77491e-04  1.50510e+01 1.50511e+01 8.23106e-05
7.22602e-04 2.28108e-04  1.50978e+01 1.50980e+01 8.23738e-05
7.23755e-04 2.85438e-04  1.51447e+01 1.51450e+01 8.24330e-05
7.24908e-04 3.36375e-04  1.51917e+01 1.51920e+01 8.24820e-05
7.26061e-04 3.42600e-04  1.52388e+01 1.52391e+01 8.25208e-05
7.27214e-04 3.07870e-04  1.52860e+01 1.52863e+01 8.25550e-05
7.28367e-04 2.59816e-04  1.53333e+01 1.53335e+01 8.25680e-05
7.29520e-04 1.99761e-04  1.53806e+01 1.53807e+01 8.25786e-05
7.30673e-04 1.67676e-04  1.54280e+01 1.54281e+01 8.25989e-05
7.31827e-04 1.53409e-04  1.54754e+01 1.54755e+01 8.26442e-05
7.32980e-04 1.35214e-04  1.55229e+01 1.55230e+01 8.26910e-05
7.34134e-04 1.35958e-04  1.55705e+01 1.55706e+01 8.27296e-05
7.35288e-04 1.60110e-04  1.56182e+01 1.56184e+01 8.27696e-05
7.36442e-04 2.06162e-04  1.56660e+01 1.56662e+01 8.28107e-05
7.37596e-04 2.81524e-04  1.57138e+01 1.57140e+01 8.28402e-05
7.38750e-04 3.37832e-04  1.57617e+01 1.57620e+01 8.28504e-05
7.39905e-04 3.57146e-04  1.58097e+01 1.58100e+01 8.28729e-05
7.41059e-04 3.41821e-04  1.58577e+01 1.58580e+01 8.29252e-05
7.42214e-04 2.80541e-04  1.59059e+01 1.59061e+01 8.30048e-05
7.43368e-04 2.10002e-04  1.59541e+01 1.59543e+01 8.30610e-05
7.44523e-04 1.63585e-04  1.60024e+01 1.60025e+01 8.31037e-05
7.45678e-04 1.32094e-04  1.60507e+01 1.60508e+01 8.31470e-05
7.46833e-04 1.28708e-04  1.60991e+01 1.60992e+01 8.32070e-05
7.47988e-04 1.35540e-04  1.61476e+01 1.61477e+01 8.32435e-05
7.49144e-04 1.46367e-04  1.61962e+01 1.61963e+01 8.32593e-05
7.50299e-04 1.94363e-04  1.62449e+01 1.62450e+01 8.32767e-05
7.51455e-04 2.67866e-04  1.62936e+01 1.62938e+01 8.33224e-05
7.52610e-04 3.33547e-04  1.63424e+01 1.63426e+01 8.33751e-05
7.53766e-04 3.73515e-04  1.63912e+01 1.63915e+01 8.34296e-05
7.54922e-04 3.50822e-04  1.64402e+01 1.64404e+01 8.34818e-05
7.56078e-04 2.85069e-04  1.64892e+01 1.64894e+01 8.35249e-05
7.57235e-04 2.17803e-04  1.65383e+01 1.65385e+01 8.35573e-05
7.58391e-04 1.57768e-04  1.65875e+01 1.65876e+01 8.35782e-05
7.59547e-04 1.29647e-04  1.66367e+01 1.66368e+01 8.36103e-05
7.60703e-04 1.30089e-04  1.66860e+01 1.66860e+01 8.36474e-05
7.61859e-04 1.33098e-04  1.67353e+01 1.67354e+01 8.36834e-05
7.63016e-04 1.53907e-04  1.67848e+01 1.67849e+01 8.37166e-05
7.64172e-04 1.97144e-04  1.68343e+01 1.68345e+01 8.37567e-05
7.65328e-04 2.54036e-04  1.68839e+01 1.68841e+01 8.37939e-05
7.66484e-04 3.23766e-04  1.69335e+01 1.69338e+01 8.38340e-05
7.67641e-04 3.60472e-04  1.69832e+01 1.69835e+01 8.38686e-05
7.68797e-04 3.43826e-04  1.70330e+01 1.70333e+01 8.39163e-05
7.69953e-04 2.94816e-04  1.70829e+01 1.70831e+01 8.39775e-05
7.71109e-04 2.24880e-04  1.71328e+01 1.71330e+01 8.40406e-05
7.72265e-04 1.67986e-04  1.71828e+01 1.71829e+01 8.40863e-05
7.73422e-04 1.46249e-04  1.72328e+01 1.72329e+01 8.41271e-05
7.74578e-04 1.37808e-04  1.72829e+01 1.72830e+01 8.41818e-05
7.75734e-04 1.45609e-04  1.73331e+01 1.73332e+01 8.42437e-05
7.76890e-04 1.65236e-04  1.73834e+01 1.73835e+01 8.42788e-05
7.78047e-04 1.89227e-04  1.74337e+01 1.74339e+01 8.43046e-05
7.79203e-04 2.36477e-04  1.74842e+01 1.74843e+01 8.43518e-05
7.80359e-04 2.91702e-04  1.75346e+01 1.75348e+01 8.44212e-05
7.81515e-04 3.24855e-04  1.75851e+01 1.75854e+01 8.44974e-05
7.82671e-04 3.35447e-04  1.76357e+01 1.76360e+01 8.45588e-05
7.83828e-04 3.03355e-04  1.76864e+01 1.76867e+01 8.46041e-05
7.84984e-04 2.45551e-04  1.77372e+01 1.77374e+01 8.46557e-05
7.86140e-04 1.95175e-04  1.77880e+01 1.77881e+01 8.47174e-05
7.87296e-04 1.57610e-04  1.78389e+01 1.78390e+01 8.47659e-05
7.88452e-04 1.44625e-04  1.78898e+01 1.78899e+01 8.47978e-05
7.89609e-04 1.57007e-04  1.79408e+01 1.79409e+01 8.48413e-05
7.90765e-04 1.64922e-04  1.79919e+01 1.79920e+01 8.49177e-05
7.91921e-04 1.83170e-04  1.80431e+01 1.80432e+01 8.49913e-05
7.93077e-04 2.12989e-04  1.80943e+01 1.80945e+01 8.50591e-05
7.94233e-04 2.48182e-04  1.81456e+01 1.81458e+01 8.51130e-05
7.95390e-04 2.96253e-04  1.81969e+01 1.81972e+01 8.51630e-05
7.96546e-04 3.28039e-04  1.82483e+01 1.82486e+01 8.52268e-05
7.97702e-04 3.15698e-04  1.82998e+01 1.83001e+01 8.52893e-05
7.98858e-04 2.77213e-04  1.83514e+01 1.83516e+01 8.53370e-05
8.00015e-04 2.19128e-04  1.84031e+01 1.84032e+01 8.53735e-05
8.01171e-04 1.75438e-04  1.84548e+01 1.84549e+01 8.54220e-05
8.02327e-04 1.67373e-04  1.85065e+01 1.85066e+01 8.54742e-05
8.03483e-04 1.68006e-04  1.85583e+01 1.85585e+01 8.55248e-05
8.04639e-04 1.68313e-04  1.86103e+01 1.86104e+01 8.55576e-05
8.05796e-04 1.73684e-04  1.86622e+01 1.86624e+01 8.55827e-05
8.06952e-04 1.77922e-04  1.87143e+01 1.87144e+01 8.56121e-05
8.08108e-04 2.14104e-04  1.87664e+01 1.87666e+01 8.56572e-05
8.09264e-04 2.72099e-04  1.88186e+01 1.88188e+01 8.57044e-05
8.10420e-04 3.16915e-04  1.88708e+01 1.88711e+01 8.57487e-05
8.11577e-04 3.34035e-04  1.89231e+01 1.89234e+01 8.58009e-05
8.12733e-04 3.07513e-04  1.89755e+01 1.89758e+01 8.58697e-05
8.13889e-04 2.48075e-04  1.90280e+01 1.90282e+01 8.59394e-05
8.15045e-04 2.05840e-04  1.90805e+01 1.90807e+01 8.59862e-05
8.16201e-04 1.79870e-04  1.91331e+01 1.91332e+01 8.60194e-05
8.17357e-04 1.67260e-04  1.91857e+01 1.91859e+01 8.60486e-05
8.18514e-04 1.61684e-04  1.92384e+01 1.92386e+01 8.60908e-05
8.19670e-04 1.47098e-04  1.92913e+01 1.92914e+01 8.61404e-05
8.20826e-04 1.48549e-04  1.93441e+01 1.93442e+01 8.61832e-05
8.21982e-04 1.90049e-04  1.93971e+01 1.93972e+01 8.62282e-05
8.23138e-04 2.47120e-04  1.94501e+01 1.94502e+01 8.62895e-05
8.24295e-04 3.07692e-04  1.95031e+01 1.95033e+01 8.63515e-05
8.25451e-04 3.39742e-04  1.95562e+01 1.95565e+01 8.63955e-05
8.26607e-04 3.23632e-04  1.96094e+01 1.96097e+01 8.64367e-05
8.27763e-04 2.83013e-04  1.96627e+01 1.96630e+01 8.64770e-05
8.28919e-04 2.34379e-04  1.97161e+01 1.97163e+01 8.65148e-05
8.30076e-04 1.86515e-04  1.97695e+01 1.97696e+01 8.65496e-05
8.31232e-04 1.63517e-04  1.98229e+01 1.98230e+01 8.65908e-05
8.32388e-04 1.46830e-04  1.98765e+01 1.98766e+01 8.66418e-05
8.33544e-04 1.36018e-04  1.99301e+01 1.99302e+01 8.66903e-05
8.34700e-04 1.44285e-04  1.99838e+01 1.99839e+01 8.67382e-05
8.35857e-04 1.71469e-04  2.00375e+01 2.00376e+01 8.67758e-05
8.37013e-04 2.24251e-04  2.00913e+01 2.00915e+01 8.68018e-05
8.38169e-04 2.95729e-04  2.01452e+01 2.01454e+01 8.68303e-05
8.39325e-04 3.41855e-04  2.01991e+01 2.01994e+01 8.68686e-05
8.40481e-04 3.51620e-04  2.02531e+01 2.02534e+01 8.69128e-05
8.41637e-04 3.19814e-04  2.03072e+01 2.03075e+01 8.69552e-05
8.42794e-04 2.55974e-04  2.03614e+01 2.03616e+01 8.69985e-05
8.43950e-04 1.97844e-04  2.04156e+01 2.04158e+01 8.70372e-05
8.45106e-04 1.60059e-04  2.04699e+01 2.04700e+01 8.70861e-05
8.46262e-04 1.35310e-04  2.05242e+01 2.05243e+01 8.71323e-05
8.47418e-04 1.32313e-04  2.05787e+01 2.05787e+01 8.71700e-05
8.48575e-04 1.37928e-04  2.06332e+01 2.06332e+01 8.71941e-05
8.49731e-04 1.58926e-04  2.06877e+01 2.06878e+01 8.72288e-05
8.50887e-04 2.10600e-04  2.07424e+01 2.07425e+01 8.72745e-05
8.52043e-04 2.78505e-04  2.07970e+01 2.07973e+01 8.73174e-05
8.53199e-04 3.38331e-04  2.08518e+01 2.08521e+01 8.73569e-05
8.54355e-04 3.66501e-04  2.09066e+01 2.09069e+01 8.74014e-05
8.55512e-04 3.32741e-04  2.09615e+01 2.09618e+01 8.74414e-05
8.56668e-04 2.66060e-04  2.10165e+01 2.10167e+01 8.74707e-05
8.57824e-04 2.01642e-04  2.10715e+01 2.10717e+01 8.74971e-05
8.58980e-04 1.55615e-04  2.11266e+01 2.11267e+01 8.75201e-05
8.60136e-04 1.39050e-04  2.11818e+01 2.11819e+01 8.75440e-05
8.61292e-04 1.37982e-04  2.12370e+01 2.12371e+01 8.75616e-05
8.62449e-04 1.36076e-04  2.12923e+01 2.12924e+01 8.75901e-05
8.63605e-04 1.55623e-04  2.13477e+01 2.13478e+01 8.76318e-05
8.64761e-04 1.97732e-04  2.14031e+01 2.14033e+01 8.76734e-05
8.65917e-04 2.58215e-04  2.14586e+01 2.14588e+01 8.77017e-05
8.67073e-04 3.24862e-04  2.15142e+01 2.15144e+01 8.77366e-05
8.68229e-04 3.56355e-04  2.15698e+01 2.15701e+01 8.77848e-05
8.69386e-04 3.37114e-04  2.16255e+01 2.16258e+01 8.78399e-05
8.70542e-04 2.88557e-04  2.16813e+01 2.16815e+01 8.78857e-05
8.71698e-04 2.23406e-04  2.17372e+01 2.17373e+01 8.79174e-05
8.72854e-04 1.75755e-04  2.17931e+01 2.17932e+01 8.79455e-05
8.74010e-04 1.53412e-04  2.18490e+01 2.18491e+01 8.79887e-05
8.75166e-04 1.39060e-04  2.19050e+01 2.19051e+01 8.80368e-05
8.76323e-04 1.37260e-04  2.19612e+01 2.19612e+01 8.80766e-05
8.77479e-04 1.52626e-04  2.20173e+01 2.20175e+01 8.81105e-05
8.78635e-04 1.79391e-04  2.20736e+01 2.20737e+01 8.81472e-05
8.79791e-04 2.35177e-04  2.21299e+01 2.21301e+01 8.81871e-05
8.80947e-04 2.97505e-04  2.21863e+01 2.21865e+01 8.82362e-05
8.82103e-04 3.36960e-04  2.22427e+01 2.22430e+01 8.82896e-05
8.83260e-04 3.44579e-04  2.22992e+01 2.22995e+01 8.83439e-05
8.84416e-04 3.09293e-04  2.23558e+01 2.23560e+01 8.83916e-05
8.85572e-04 2.47507e-04  2.24125e+01 2.24127e+01 8.84248e-05
8.86728e-04 1.96013e-04  2.24692e+01 2.24693e+01 8.84682e-05
8.87884e-04 1.54794e-04  2.25260e+01 2.25261e+01 8.85198e-05
8.89040e-04 1.34982e-04  2.25828e+01 2.25829e+01 8.85662e-05
8.90196e-04 1.38866e-04  2.26397e+01 2.26398e+01 8.86016e-05
8.91353e-04 1.50010e-04  2.26967e+01 2.26968e+01 8.86319e-05
8.92509e-04 1.75716e-04  2.27537e+01 2.27539e+01 8.86646e-05
8.93665e-04 2.20997e-04  2.28109e+01 2.28110e+01 8.87179e-05
8.94821e-04 2.67602e-04  2.28681e+01 2.28683e+01 8.87729e-05
8.95977e-04 3.15627e-04  2.29253e+01 2.29255e+01 8.88097e-05
8.97133e-04 3.38669e-04  2.29826e+01 2.29829e+01 8.88477e-05
8.98290e-04 3.17659e-04  2.30400e+01 2.30402e+01 8.89011e-05
8.99446e-04 2.70627e-04  2.30974e+01 2.30977e+01 8.89608e-05
9.00602e-04 2.14474e-04  2.31550e+01 2.31551e+01 8.90119e-05
9.01758e-04 1.66741e-04  2.32126e+01 2.32127e+01 8.90574e-05
9.02914e-04 1.52867e-04  2.32702e+01 2.32703e+01 8.90954e-05
9.04070e-04 1.55803e-04  2.33279e+01 2.33280e+01 8.91340e-05
9.05226e-04 1.64049e-04  2.33857e+01 2.33858e+01 8.91697e-05
9.06383e-04 1.76938e-04  2.34435e+01 2.34437e+01 8.92097e-05
9.07539e-04 1.90862e-04  2.35015e+01 2.35016e+01 8.92513e-05
9.08695e-04 2.22182e-04  2.35595e+01 2.35596e+01 8.92902e-05
9.09851e-04 2.76478e-04  2.36175e+01 2.36177e+01 8.93374e-05
9.11007e-04 3.18151e-04  2.36756e+01 2.36759e+01 8.94036e-05
9.12163e-04 3.29126e-04  2.37338e+01 2.37341e+01 8.94648e-05
9.13319e-04 3.01780e-04  2.37921e+01 2.37923e+01 8.94978e-05
9.14476e-04 2.46314e-04  2.38504e+01 2.38506e+01 8.95143e-05
9.15632e-04 1.98684e-04  2.39088e+01 2.39089e+01 8.95323e-05
9.16788e-04 1.74278e-04  2.39672e+01 2.39674e+01 8.95614e-05
9.17944e-04 1.59387e-04  2.40257e+01 2.40258e+01 8.95941e-05
9.19100e-04 1.54577e-04  2.40843e+01 2.40844e+01 8.96302e-05
9.20256e-04 1.49785e-04  2.41430e+01 2.41431e+01 8.96732e-05
9.21412e-04 1.56144e-04  2.42017e+01 2.42018e+01 8.97294e-05
9.22569e-04 1.95506e-04  2.42605e+01 2.42607e+01 8.97937e-05
9.23725e-04 2.56886e-04  2.43194e+01 2.43195e+01 8.98448e-05
9.24881e-04 3.12698e-04  2.43783e+01 2.43785e+01 8.98793e-05
9.26037e-04 3.43328e-04  2.44372e+01 2.44375e+01 8.99150e-05
9.27193e-04 3.25567e-04  2.44963e+01 2.44966e+01 8.99502e-05
9.28349e-04 2.76813e-04  2.45554e+01 2.45557e+01 8.99866e-05
9.29505e-04 2.25261e-04  2.46146e+01 2.46148e+01 9.00326e-05
9.30662e-04 1.81533e-04  2.46739e+01 2.46740e+01 9.00800e-05
9.31818e-04 1.56951e-04  2.47332e+01 2.47333e+01 9.01247e-05
9.32974e-04 1.49828e-04  2.47926e+01 2.47927e+01 9.01741e-05
9.34130e-04 1.44905e-04  2.48520e+01 2.48521e+01 9.02256e-05
9.35286e-04 1.55742e-04  2.49115e+01 2.49117e+01 9.02637e-05
9.36442e-04 1.84407e-04  2.49711e+01 2.49713e+01 9.02934e-05
9.37598e-04 2.27423e-04  2.50308e+01 2.50310e+01 9.03346e-05
9.38754e-04 2.83286e-04  2.50905e+01 2.50907e+01 9.03876e-05
9.39911e-04 3.27727e-04  2.51503e+01 2.51505e+01 9.04371e-05
9.41067e-04 3.35434e-04  2.52101e+01 2.52104e+01 9.04890e-05
9.42223e-04 3.11227e-04  2.52700e+01 2.52703e+01 9.05455e-05
9.43379e-04 2.57453e-04  2.53300e+01 2.53302e+01 9.05909e-05
9.44535e-04 2.00704e-04  2.53901e+01 2.53902e+01 9.06232e-05
9.45691e-04 1.65508e-04  2.54502e+01 2.54503e+01 9.06527e-05
9.46847e-04 1.45390e-04  2.55104e+01 2.55105e+01 9.06772e-05
9.48003e-04 1.36903e-04  2.55706e+01 2.55707e+01 9.07019e-05
9.49160e-04 1.40787e-04  2.56309e+01 2.56310e+01 9.07349e-05
9.50316e-04 1.51249e-04  2.56913e+01 2.56914e+01 9.07736e-05
9.51472e-04 1.90229e-04  2.57518e+01 2.57519e+01 9.08159e-05
9.52628e-04 2.57892e-04  2.58123e+01 2.58125e+01 9.08577e-05
9.53784e-04 3.24319e-04  2.58729e+01 2.58731e+01 9.08945e-05
9.54940e-04 3.63871e-04  2.59335e+01 2.59338e+01 9.09224e-05
9.56096e-04 3.51344e-04  2.59942e+01 2.59945e+01 9.09510e-05
9.57252e-04 2.86909e-04  2.60550e+01 2.60552e+01 9.09827e-05
9.58409e-04 2.16203e-04  2.61159e+01 2.61160e+01 9.10177e-05
9.59565e-04 1.63444e-04  2.61768e+01 2.61769e+01 9.10506e-05
9.60721e-04 1.37683e-04  2.62377e+01 2.62378e+01 9.10817e-05
9.61877e-04 1.35204e-04  2.62988e+01 2.62988e+01 9.11315e-05
9.63033e-04 1.35881e-04  2.63599e+01 2.63600e+01 9.11937e-05
9.64189e-04 1.44694e-04  2.64211e+01 2.64212e+01 9.12448e-05
9.65345e-04 1.85171e-04  2.64823e+01 2.64825e+01 9.12709e-05
9.66501e-04 2.49115e-04  2.65436e+01 2.65438e+01 9.12917e-05
9.67657e-04 3.20113e-04  2.66050e+01 2.66052e+01 9.13259e-05
9.68814e-04 3.65802e-04  2.66664e+01 2.66667e+01 9.13746e-05
9.69970e-04 3.53267e-04  2.67279e+01 2.67282e+01 9.14194e-05
9.71126e-04 2.96661e-04  2.67895e+01 2.67897e+01 9.14492e-05
9.72282e-04 2.29697e-04  2.68512e+01 2.68513e+01 9.14749e-05
9.73438e-04 1.73081e-04  2.69129e+01 2.69130e+01 9.15127e-05
9.74594e-04 1.46182e-04  2.69746e+01 2.69747e+01 9.15612e-05
9.75750e-04 1.37714e-04  2.70364e+01 2.70365e+01 9.15945e-05
9.76906e-04 1.31332e-04  2.70983e+01 2.70984e+01 9.16122e-05
9.78063e-04 1.39631e-04  2.71603e+01 2.71604e+01 9.16226e-05
9.79219e-04 1.71070e-04  2.72224e+01 2.72225e+01 9.16429e-05
9.80375e-04 2.22979e-04  2.72845e+01 2.72846e+01 9.16787e-05
9.81531e-04 2.90688e-04  2.73466e+01 2.73468e+01 9.17201e-05
9.82687e-04 3.40333e-04  2.74088e+01 2.74091e+01 9.17479e-05
9.83843e-04 3.48130e-04  2.74711e+01 2.74714e+01 9.17662e-05
9.84999e-04 3.18275e-04  2.75335e+01 2.75337e+01 9.18016e-05
9.86155e-04 2.58334e-04  2.75959e+01 2.75961e+01 9.18550e-05
9.87311e-04 1.94563e-04  2.76584e+01 2.76586e+01 9.18936e-05
9.88467e-04 1.54784e-04  2.77210e+01 2.77211e+01 9.19106e-05
9.89624e-04 1.34443e-04  2.77836e+01 2.77837e+01 9.19322e-05
9.90780e-04 1.32138e-04  2.78463e+01 2.78464e+01 9.19718e-05
9.91936e-04 1.47253e-04  2.79090e+01 2.79091e+01 9.20066e-05
9.93092e-04 1.70226e-04  2.79719e+01 2.79720e+01 9.20352e-05
9.94248e-04 2.11278e-04  2.80348e+01 2.80349e+01 9.20660e-05
9.95404e-04 2.68901e-04  2.80977e+01 2.80979e+01 9.21049e-05
9.96560e-04 3.17832e-04  2.81607e+01 2.81610e+01 9.21437e-05
9.97716e-04 3.44451e-04  2.82238e+01 2.82241e+01 9.21758e-05
9.98872e-04 3.31496e-04  2.82869e+01 2.82872e+01 9.22103e-05
1.00000e-03 2.77383e-04  2.83486e+01 2.83488e+01 9.22463e-05
