3-D EmbeddedElt 
Embedded Elements	0
VolumeCorrection 	0
Output: Node 1 Element 1
1
hexa8
8
1    1    1.00000 1.00000 1.00000
2    3    1.00000 0.00000 1.00000
3    5    1.00000 1.00000 0.00000
4    7    1.00000 0.00000 0.00000
5    1    0.00000 1.00000 1.00000
6    3    0.00000 0.00000 1.00000
7    5    0.00000 1.00000 0.00000
8    7    0.00000 0.00000 0.00000
1
1   1   0   5   6   8   7   1   2   4   3   
1
1 1 7800.0 2200 2.2e9
0.0100
2
0     0
0.01  1
0 4 0 0.0 0.0 0.0
1   1   0.2 
2   1   0.2 
3   1   0.2  
4   1   0.2  
